0.194601 -0.198465 0.129751
0.000128043 0.772588 -0.0562109
-0.749807 0.152751 0.120452
-0.246767 0.0908912 -0.728626
0.717998 0.277662 -0.545126
0.384822 -0.667871 -0.709714
-0.51965 -0.745282 -0.253572
-0.47689 -0.561905 0.744763
-0.11219 0.379751 0.856144
0.807754 0.49988 0.442139

-0.684137 -0.256171 0.257651
-0.543451 0.733348 0.237995
0.231909 0.146098 0.13772
0.510037 0.0327973 -0.792822
0.178565 0.929579 -0.449256
-0.457549 0.188742 -0.595883
-0.0457917 -0.680659 -0.366957
0.883909 -0.559712 -0.0571036
0.13609 -0.701461 0.615801
-0.209581 0.16744 1.01285

-0.442938 -0.827096 -0.097455
-0.276149 0.132781 -0.014291
0.715032 0.286407 0.0821656
0.307129 -0.518364 0.486849
-0.619818 -0.336959 0.774673
0.0904327 0.384834 0.856449
0.0789233 1.04162 0.0814469
0.230242 0.501051 -0.765321
0.391845 -0.447944 -0.495838
-0.4747 -0.216329 -0.908678

-0.34968 -0.975177 -0.156799
-0.250457 -1.02318e-07 -0.1771
0.724571 0.247298 -0.117866
0.155293 0.321981 0.687215
0.402591 -0.569278 0.337483
-0.527256 -0.408125 0.667244
-0.773303 0.551555 0.442293
0.0041213 0.939503 -0.0842387
0.201874 0.423622 -0.936816
0.412247 -0.531378 -0.661415

-0.181706 -0.753017 7.04364e-19
-0.171134 0.254571 -2.91706e-18
0.756678 0.563222 -9.17255e-19
0.196018 0.584885 -0.846947
0.528995 -0.275251 -0.494421
-0.416223 -0.225256 -0.815964
-1.02142 -0.233532 -2.32417e-18
-0.416223 -0.225256 0.815964
0.528995 -0.275251 0.494421
0.196018 0.584885 0.846947

0.0703381 -0.754922 0.158733
0.0698078 0.25272 0.159225
-0.852057 0.586379 0.167307
-0.302417 0.571306 -0.686974
0.698619 0.587528 -0.514369
0.238725 -0.269225 -0.685988
-0.666511 -0.269895 -0.288047
-0.580313 -0.230261 0.707104
0.410171 -0.244476 0.932644
0.913636 -0.229154 0.0503655

0.136776 -0.25433 0.103451
0.134171 0.753144 0.121752
-0.724656 0.266741 0.0614357
-0.109869 0.282397 -0.712904
0.379371 -0.571641 -0.79192
-0.586517 -0.564076 -0.47707
-0.673763 -0.59846 0.53453
-0.183767 0.212818 0.900399
0.797414 0.234752 0.637853
0.830841 0.238655 -0.377527

-0.248208 -0.908039 -0.0603166
-0.298283 0.064133 0.031741
0.632838 0.446484 -0.0147897
0.489941 -0.431693 0.416714
-0.39851 -0.473361 0.845549
0.128524 0.395179 0.846814
-0.153726 1.03096 0.10638
-0.0123784 0.541254 -0.772445
0.404564 -0.343181 -0.564452
-0.544762 -0.32174 -0.835195

-0.240163 -1.01116 0.133061
-0.191037 -0.0375088 0.237047
-0.0224416 0.924337 0.186756
0.714628 0.293809 -0.0550916
0.431418 0.347646 0.8893
0.607316 -0.556179 0.460012
0.32258 -0.499421 -0.49656
-0.669455 -0.384764 -0.541818
-0.0590124 0.397675 -0.662136
-0.893833 0.52557 -0.150571

-0.280838 -1.00334 0.110735
-0.258748 -0.0245609 0.16291
0.695934 0.297812 0.164422
0.166109 0.354174 -0.668595
-0.0732173 0.934008 0.109764
-0.789177 0.504783 -0.469283
-0.457867 -0.425933 -0.7062
0.462862 -0.526224 -0.329999
0.416526 -0.51895 0.668564
0.118417 0.408234 0.957682

-0.140759 -0.25012 -0.10826
-0.146438 0.756958 -0.0749846
0.717905 0.276844 -0.0895587
0.14928 0.246925 0.718884
-0.328387 -0.614936 0.782208
0.617392 -0.581606 0.412724
0.645672 -0.563685 -0.602661
0.129357 0.260122 -0.897431
-0.834954 0.258753 -0.577696
-0.809069 0.210745 0.436776

0.145456 -0.24928 0.103901
0.146234 0.757704 0.0674653
-0.715263 0.274551 0.114334
-0.0981746 0.262427 0.900707
-0.621652 -0.564126 0.627012
-0.629595 -0.585081 -0.388678
0.302499 -0.61617 -0.79162
-0.175772 0.24417 -0.713818
0.792169 0.212287 -0.466028
0.854098 0.263518 0.546725

-0.149896 -0.252824 0.0877758
-0.141249 0.75467 0.102827
0.714807 0.261438 0.144056
0.193978 0.278463 -0.696335
-0.779566 0.243387 -0.472037
-0.289738 -0.572131 -0.828584
0.63322 -0.570613 -0.403996
0.602447 -0.601295 0.611011
0.0799809 0.21529 0.914895
-0.863984 0.243614 0.540387

-0.141501 -0.246374 0.115632
-0.143638 0.759333 0.0532289
0.719008 0.276734 0.0806016
0.149176 0.225479 -0.725918
-0.331644 -0.636129 -0.763666
0.614752 -0.595525 -0.396497
0.644483 -0.548329 0.617908
0.131509 0.285516 0.889363
-0.833237 0.278366 0.571018
-0.808909 0.200928 -0.441671

-0.254038 -1.01189 0.0968671
-0.254525 -0.0340327 0.167785
0.691889 0.311649 0.155613
0.143117 0.370879 -0.664844
-0.811042 0.494092 -0.442626
-0.462462 -0.423486 -0.704676
0.468278 -0.508265 -0.349905
0.4432 -0.521235 0.64936
0.129009 0.392632 0.962824
-0.0934275 0.929653 0.129602

-0.135479 -0.259215 0.0924466
-0.166478 0.747692 0.115296
0.709621 0.289154 0.113488
0.150569 0.290452 -0.702152
-0.809491 0.214707 -0.434057
-0.304269 -0.578116 -0.819167
0.636372 -0.542038 -0.437042
0.653391 -0.58034 0.57803
0.113137 0.212565 0.912029
-0.847373 0.205139 0.581129

-0.14389 -0.249203 -0.106241
-0.122085 0.758193 -0.101438
0.728218 0.254329 -0.0711844
0.650343 -0.598446 -0.562805
0.168462 0.230307 -0.899088
-0.806233 0.264677 -0.614629
-0.81773 0.245454 0.401061
-0.373296 -0.582724 0.786712
0.13065 0.263507 0.716621
0.585561 -0.586094 0.450989

-0.332228 -0.882453 -0.0260955
-0.291909 0.0942237 -0.00207049
0.67344 0.382312 0.019161
0.417965 -0.420536 -0.498504
-0.495356 -0.329381 -0.862534
0.113594 0.481649 -0.803051
-0.0577252 1.0459 0.024231
0.0893934 0.442521 0.828229
0.403301 -0.444245 0.489945
-0.520475 -0.369995 0.830688

-0.212977 -1.00925 -0.184071
-0.26057 -0.0303076 -0.158991
0.66894 0.358712 -0.154584
-0.141017 0.932065 -0.0339036
0.158404 0.312228 0.690994
-0.809937 0.409082 0.523915
-0.408454 -0.511099 0.679502
0.506891 -0.515751 0.277694
0.434105 -0.434385 -0.715991
0.0646147 0.488709 -0.924566

-0.576504 -0.508742 0.0942147
-0.6023 0.479718 0.0845986
0.288165 0.00853975 0.104791
0.182244 0.816803 -0.435201
-0.296731 -0.0147034 -0.715392
0.687494 0.0102502 -0.79062
0.224816 -0.814493 -0.419331
0.208241 -0.836041 0.596242
-0.279477 0.00147098 0.900927
0.164052 0.857197 0.57977

-0.566359 -0.52142 0.0860809
-0.61142 0.466369 0.0933693
0.288082 0.0123695 0.104639
0.165724 0.827504 -0.42137
0.686123 0.0371355 -0.791005
-0.297329 -0.00828597 -0.715247
0.240089 -0.802685 -0.433398
0.225273 -0.841867 0.581675
-0.278267 -0.0193425 0.901095
0.148084 0.850222 0.59416

-0.136229 -0.252927 -0.107531
-0.145478 0.75462 -0.0971391
0.719975 0.277044 -0.0702454
0.123058 0.263435 0.71799
-0.824574 0.217908 0.402955
-0.35451 -0.598302 0.783703
0.603718 -0.570256 0.447339
0.668012 -0.57499 -0.56655
0.160542 0.240367 -0.897903
-0.814514 0.243101 -0.612619

0.132279 -0.255007 -0.107549
0.162675 0.75202 -0.0897447
-0.712957 0.292745 -0.0777446
-0.127047 0.260987 0.718189
0.331285 -0.611128 0.783968
-0.621556 -0.560412 0.435185
-0.672383 -0.556728 -0.579473
-0.143415 0.24996 -0.898183
0.827582 0.230014 -0.600029
0.823537 0.197549 0.415381

-0.376754 -0.864188 -0.0318566
-0.285678 0.107334 0.0309925
0.690343 0.35004 -0.030824
0.426199 -0.485364 0.427584
-0.455396 -0.386028 0.861064
0.191099 0.397195 0.833965
-0.00291531 1.04503 0.0758075
0.0591734 0.514514 -0.788386
0.346261 -0.414276 -0.555455
-0.592331 -0.264254 -0.82289

-0.157108 -0.244138 0.0990299
-0.125858 0.762166 0.0575649
0.71793 0.253621 0.142493
0.212391 0.234311 -0.707135
-0.76547 0.233105 -0.499497
-0.288122 -0.611723 -0.800384
0.627069 -0.606169 -0.359337
0.57787 -0.578645 0.655034
0.0688426 0.264973 0.902679
-0.867545 0.292498 0.509553

0.0901208 -0.757376 0.135317
0.049791 0.248776 0.172409
-0.883256 0.547427 0.13422
-0.636234 -0.283079 -0.339299
-0.281635 0.585885 -0.683521
0.705378 0.632546 -0.447393
0.291161 -0.233389 -0.678827
0.917099 -0.196868 0.0997582
0.360995 -0.265048 0.947241
-0.61342 -0.278873 0.660095

0.236779 -0.129168 -0.146098
0.372592 0.835525 -0.229898
-0.561467 0.479379 -0.234527
-0.608731 -0.297358 0.375601
-0.0422172 0.479379 0.607013
0.910241 0.285171 0.433557
0.29459 -0.446356 0.777022
-0.0602009 -1.04538 0.0371455
-0.56235 -0.446357 -0.611807
0.0207633 0.285171 -1.00801

-0.803966 -0.395558 -0.294876
-0.805737 0.619573 -0.254461
0.0321337 0.111314 -0.284024
0.435178 0.0596434 0.638055
0.818955 -0.449012 -0.132213
0.0451064 -0.774281 -0.704476
-0.0515109 -0.721656 0.276787
-0.548207 0.092033 0.539491
-0.00076227 0.893853 0.30134
0.878809 0.56409 -0.0856214

-0.144086 -0.255129 -0.0907851
-0.123345 0.750828 -0.145239
0.727625 0.250305 -0.089226
0.133505 0.30524 0.699326
-0.816228 0.267913 0.389582
-0.369217 -0.535827 0.82122
0.588162 -0.558121 0.482022
0.648514 -0.629931 -0.529575
0.164273 0.177252 -0.911798
-0.809203 0.227469 -0.625526

-0.47933 -0.96759 -0.0076805
-0.48836 0.0182315 -0.0441605
-0.277345 0.982568 -0.0837616
0.433027 0.338038 -0.321641
1.06627 0.176265 0.425674
0.120342 0.400329 0.627761
-0.413054 -0.421215 0.83746
0.353677 -0.482761 0.217002
0.0286375 -0.477509 -0.723423
-0.343868 0.433644 -0.92723

0.462501 -0.913275 0.0373858
0.474477 0.0724874 0.101959
-0.483148 0.40553 0.0857238
0.100575 0.477675 -0.71686
0.674908 -0.345698 -0.768791
-0.250104 -0.40562 -0.422085
-1.09419 -0.376826 0.0997779
-0.226018 -0.427345 0.578897
0.0639345 0.474006 0.905873
0.277065 1.03906 0.0981193

-0.231173 -0.428463 -0.0612935
-0.240486 0.585488 -0.0678641
0.624589 0.115196 -0.0430587
0.482815 0.915884 0.526549
0.0158926 0.068839 0.750891
0.549178 -0.729327 0.464609
0.572219 -0.736922 -0.543653
0.0618954 0.0683679 -0.862364
-0.904601 0.0659409 -0.586
-0.930328 0.074996 0.422185

0.455996 -0.96991 -0.131865
0.453236 0.0150576 -0.187426
-0.509169 0.334424 -0.184777
-0.891981 0.188971 0.719629
0.0711789 0.411933 0.627753
0.643241 -0.408384 0.684718
-0.27306 -0.477117 0.320987
-0.241794 -0.490059 -0.673464
0.0529203 0.415519 -0.995284
0.239432 0.979566 -0.180271

0.831095 -0.506071 0.46821
0.779165 0.500683 0.437714
-0.041792 -0.0467405 0.486669
-0.449824 -0.0945876 -0.440394
-0.0332153 0.747618 -0.0937757
0.0680225 0.494941 -1.04862
0.529546 -0.0398677 -0.351037
0.0536625 -0.863585 -0.0593136
-0.840844 -0.599487 0.315663
-0.895815 0.407097 0.284889

0.244446 -0.421974 -0.0544278
0.216537 0.590781 -0.0965665
-0.629473 0.0914764 -0.0251143
-0.497838 0.916652 0.510992
0.00698642 0.0952237 0.74814
-0.506195 -0.731039 0.50865
-0.562997 -0.775734 -0.497311
-0.0934498 0.0350531 -0.861519
0.881277 0.0766573 -0.619291
0.940706 0.122903 0.386448

0.624348 -0.975141 0.0921785
0.632068 0.0174564 0.0736231
-0.324499 0.352295 0.106616
0.20459 0.43346 -0.722794
-0.064403 -0.475023 -0.418856
-0.758023 0.145662 -0.755136
-0.929245 -0.427357 0.0569681
-0.077705 -0.472668 0.58256
0.261904 0.414913 0.899238
0.430964 0.986402 0.0856039

0.372078 -0.319896 0.00173241
0.357358 0.663386 0.0323017
-0.57271 1.01046 0.0136862
-0.348026 0.189907 -0.498044
0.5868 0.187124 -0.818551
0.0271154 -0.650796 -0.861264
-0.550306 -0.669214 -0.0386203
-0.0262925 -0.703819 0.818532
-0.379311 0.158848 0.485928
0.533295 0.134004 0.8643

0.518374 -0.283322 0.237174
0.458581 0.709116 0.197571
-0.378875 0.18896 0.248044
-0.78737 0.102137 -0.647296
-0.334531 0.958736 -0.367371
0.197609 0.153295 -0.585394
0.629331 -0.739188 -0.63777
-0.277408 -0.6585 -0.241354
-0.238777 -0.644594 0.759513
0.213065 0.21336 1.03688

-0.486961 -0.309857 -0.268502
-0.483787 0.684157 -0.223732
0.382267 0.210455 -0.224407
0.740247 0.141515 0.693818
0.259111 0.973652 0.388471
-0.240541 0.139465 0.572647
-0.625395 -0.775373 0.597398
0.29782 -0.643661 0.25658
0.318805 -0.626943 -0.744769
-0.161566 0.20659 -1.0475

0.220978 -0.423998 -0.110332
0.227566 0.58946 -0.07737
-0.710094 0.915708 -0.0803293
-0.462024 0.0989209 0.426596
-0.10495 -0.76295 0.756928
-0.71559 -0.73162 -0.0451435
-0.480907 0.0856744 -0.574646
0.463791 0.10733 -0.907058
1.07229 0.0744776 -0.103421
0.488941 0.0469974 0.714776

-0.355775 -0.489593 0.197378
-0.330413 0.4946 0.22679
0.595825 0.82383 0.125186
0.335933 0.00203146 -0.357663
-0.0501952 0.862064 -0.648362
-0.61871 0.0340774 -0.606805
-0.0934924 -0.81811 -0.698572
0.552449 -0.859399 0.0748848
0.426187 -0.0295567 0.621546
-0.46181 -0.019944 1.06562

-0.213815 -0.42972 0.101988
-0.230169 0.584158 0.104961
0.704286 0.919195 0.0909328
0.447841 0.11825 -0.436681
-0.511036 0.0671954 -0.697498
0.0882573 -0.734978 -0.786171
0.722933 -0.725766 -0.00240918
0.497559 0.0702079 0.562437
-0.436643 0.0710582 0.923942
-1.06921 0.0604 0.138498

0.34126 -0.505392 -0.182634
0.368031 0.479036 -0.200781
-0.544528 0.854785 -0.149017
-0.355833 0.015898 0.337503
0.0560112 0.85186 0.661245
0.582901 -0.00401433 0.642173
0.0103088 -0.828714 0.692223
-0.590314 -0.828846 -0.117983
-0.389866 -0.00129882 -0.645625
0.522028 -0.0333136 -1.0371

0.368429 -0.492479 0.164192
0.368429 0.492479 0.164192
-0.555764 0.84227 0.176306
-0.380778 -2.06261e-10 -0.309494
-0.0187444 0.84074 -0.677385
0.532254 -3.54706e-11 -0.68475
-0.0187444 -0.84074 -0.677385
-0.555764 -0.84227 0.176306
-0.339442 -3.47654e-11 0.673505
0.600124 -4.035e-11 0.994514

-0.243 -0.419624 -0.0751313
-0.226717 0.593596 -0.0384525
0.626458 0.10155 -0.0497262
0.51503 0.88029 0.555914
0.0307832 0.03613 0.752713
0.538564 -0.761879 0.422924
0.543741 -0.726748 -0.585004
0.0484938 0.103782 -0.859682
-0.912764 0.113253 -0.565758
-0.92059 0.0796501 0.442205

-0.229344 -0.422577 -0.0980213
-0.228276 0.590847 -0.0634407
0.70951 0.911846 -0.119743
0.447649 0.0839016 -0.601165
0.707657 -0.735541 -0.087036
0.143838 -0.764737 0.748689
0.486276 0.0956497 0.399528
-0.446882 0.0485886 0.741695
-1.07601 0.080644 -0.0416712
-0.514414 0.111377 -0.878834

0.4883 -0.398042 0.0914356
0.440627 0.602159 0.109919
-0.524284 0.870436 0.129778
-0.223226 0.10907 -0.423146
0.718881 0.115969 -0.720511
0.163369 -0.723337 -0.784946
-0.44075 -0.746716 0.018167
-1.07754 0.0297598 0.0637993
-0.238585 0.0430987 0.588604
0.693208 0.0976038 0.9269

0.246456 -0.0957212 0.0342135
0.283643 0.892276 0.053281
-0.603241 0.452971 0.0568832
-0.582818 -0.377966 -0.469535
-0.0368996 0.405371 -0.763307
0.322289 -0.529592 -0.846128
0.00894633 -1.04815 -0.0397606
-0.538434 -0.424623 0.52736
-0.0296692 0.373772 0.859571
0.929727 0.351659 0.587421

0.159254 -0.911443 0.152834
0.18812 0.0768189 0.172579
-0.720702 0.452543 0.155303
-0.195044 0.428414 -0.693842
0.0815024 1.04527 0.0321326
0.770361 0.520844 -0.48532
0.381882 -0.386856 -0.672929
-0.550851 -0.408785 -0.319024
-0.529539 -0.387064 0.670238
0.415016 -0.429746 0.988029

0.249662 -0.0888809 -0.0290328
0.261286 0.8999 -0.0368456
-0.613365 0.437701 -0.0672284
-0.584105 -0.398211 0.45083
-0.0664341 0.395778 0.766336
0.315085 -0.530369 0.848352
0.0355509 -1.04793 0.0290245
-0.513855 -0.432633 -0.545075
-0.0182215 0.382385 -0.856095
0.934397 0.382263 -0.560266

0.244627 -0.0995312 -0.036402
0.29862 0.887837 -0.0449436
-0.595655 0.463785 -0.0491487
-0.587079 -0.373071 0.468139
-0.0265274 0.397592 0.767816
0.316987 -0.544209 0.838825
-0.00880229 -1.04852 0.0283658
-0.547984 -0.409602 -0.5294
-0.0271386 0.383577 -0.855325
0.932954 0.34214 -0.587927

0.213556 -0.14646 -0.0633787
0.216771 0.836712 -0.0353429
-0.660754 0.362599 -0.0651517
-0.0774117 0.354707 -0.864661
0.35569 -0.539093 -0.95707
-0.563975 -0.479959 -0.575344
-0.562094 -0.499378 0.427781
0.357572 -0.529426 0.831939
-0.123537 0.334978 0.758635
0.844182 0.30532 0.542594

0.20307 -1.13642 0.0205866
0.220048 -0.15045 -0.00419656
-0.73098 0.193717 0.0214449
0.0112779 0.838112 -0.0209535
0.803331 0.48953 0.463994
0.767221 0.464823 -0.543674
-0.178983 0.252689 -0.807736
-0.504953 -0.634469 -0.471085
-0.468847 -0.609764 0.536487
-0.121186 0.292235 0.805132

-0.605562 -0.579123 0.0301563
-0.639755 0.403763 0.00267622
0.260001 -0.0587902 -0.0041135
0.134727 0.795049 0.478742
0.969871 0.625221 -0.0396118
0.112234 0.766089 -0.529113
-0.319615 -0.0987681 -0.797757
0.174606 -0.914998 -0.482247
0.197102 -0.886035 0.525704
-0.283608 -0.0524094 0.815564

-0.249637 -1.01733 -0.0547701
-0.237572 -0.0349192 -0.115818
-0.050202 0.934479 -0.0606422
0.673745 0.299806 0.168826
-0.119077 0.375911 0.769959
-0.680954 -0.449917 0.658898
0.306876 -0.509749 0.590746
0.571287 -0.532281 -0.372335
0.381074 0.367124 -0.774242
-0.595539 0.566873 -0.810622

0.293845 -1.00688 -0.011169
0.262451 -0.0243341 0.0400145
0.0297343 0.936746 0.0327352
-0.704539 0.273125 0.0366833
-0.130295 0.362737 -0.774448
0.470719 -0.441026 -0.827158
-0.448892 -0.532648 -0.466669
-0.413399 -0.542961 0.531619
-0.147123 0.370949 0.848646
0.787499 0.604289 0.589746

0.0242976 -0.257754 0.063612
0.0222505 0.753943 0.0582525
-0.82777 0.232568 0.0950448
-0.283304 0.269481 -0.741699
-0.725555 -0.580909 -0.486194
0.216668 -0.580909 -0.846091
0.680347 0.232568 -0.481004
0.738587 0.251146 0.520446
0.358026 -0.571279 0.937325
-0.203546 0.251146 0.880309

0.150814 -0.820464 -0.0842113
0.146379 0.189492 -0.117217
-0.789214 0.503577 -0.0547675
-0.0339393 1.154 -0.0159379
-0.182199 0.532546 0.750098
-0.538117 -0.329073 0.417682
-0.5569 -0.319134 -0.579949
0.390662 -0.333575 -0.914539
0.997735 -0.304604 -0.109596
0.414779 -0.272763 0.708438

0.186028 -0.190928 -0.00373129
0.17702 0.819536 -0.00470393
-0.678574 0.334153 0.014028
-0.0761077 0.297686 0.80865
-0.590024 -0.513338 0.517498
-0.0258614 -1.15432 0.00187892
-0.61144 -0.5145 -0.490795
-0.11039 0.295827 -0.805373
0.853965 0.312359 -0.522921
0.875383 0.313521 0.485469

0.0555012 -0.193768 0.174492
0.0450401 0.816632 0.184611
-0.801785 0.287797 0.150459
-0.199639 0.344585 -0.643213
-0.652977 -0.510982 -0.43814
0.00145282 -1.15368 -0.0461572
0.312076 -0.49806 -0.730749
0.743022 0.308482 -0.317934
0.731228 0.30596 0.686998
-0.233919 0.293037 0.979634

0.236479 -0.90342 0.085777
0.224066 0.0848928 0.116882
-0.735398 0.397577 0.0641873
-0.480539 -0.413682 0.588451
-0.206884 0.50279 0.897035
0.0152016 1.04602 0.0767346
-0.125069 0.455804 -0.724517
-0.474067 -0.424297 -0.409329
0.458544 -0.360246 -0.734445
1.08767 -0.385436 0.039225

0.0714396 -0.256847 -1.95131e-16
0.0525509 0.75469 -2.81266e-17
-0.7974 0.259136 1.27874e-16
-0.705471 -0.59013 -0.504309
-0.209584 0.229863 -0.807194
0.746402 0.260871 -0.504261
1.01072 -0.558187 -6.70692e-17
0.746402 0.260871 0.504261
-0.209584 0.229863 0.807194
-0.705471 -0.59013 0.504309

0.0634242 -0.188739 -0.177282
0.0807761 0.82121 -0.148616
-0.780025 0.316783 -0.198834
-0.697861 -0.507279 0.367568
-0.0329045 -1.15414 0.000961173
0.242116 -0.533774 0.732061
-0.238743 0.326316 0.639404
0.724642 0.274371 0.384628
0.789321 0.309376 -0.617681
-0.150747 0.335874 -0.982209

0.181115 -0.903695 -0.173152
0.193429 0.0850523 -0.162558
-0.721804 0.4452 -0.17065
-0.229827 0.40404 0.697803
0.0643937 1.04696 0.00201416
0.741309 0.518465 0.530968
0.361662 -0.400703 0.67599
-0.555804 -0.427162 0.284486
-0.495735 -0.375253 -0.702055
0.461261 -0.392902 -0.982846

0.155191 -0.909411 0.168333
0.200468 0.0783708 0.157303
-0.701586 0.469085 0.189895
-0.234728 0.412092 -0.691434
0.0994968 1.0442 -0.00385573
0.74383 0.493663 -0.550713
0.32973 -0.412103 -0.685401
-0.577284 -0.408005 -0.269432
-0.48908 -0.358926 0.715137
0.473962 -0.408969 0.970167

-0.340977 -0.508567 -0.00375512
-0.340977 0.508567 -0.00375512
0.606012 0.810163 0.0066739
1.19319 -2.46109e-11 0.0131404
0.335377 -7.40815e-12 0.512291
0.606012 -0.810163 0.0066739
0.346578 -7.34487e-12 -0.504781
-0.597091 1.28778e-11 -0.816788
-1.19319 2.59126e-11 -0.0131404
-0.614934 1.25803e-11 0.80344

0.965365 -0.701379 0.00503284
0.966502 0.299212 0.00255611
0.0230575 0.611871 -0.00143823
-0.574799 -0.211007 -0.00143823
-0.965365 0.701379 -0.00503285
-0.487535 0.354215 -0.812712
0.277606 -0.201693 -0.507124
0.0140974 -1.01166 0.00255615
0.274135 -0.199171 0.510001
-0.493064 0.358232 0.8076

-0.935463 -0.740712 -0.0118656
-0.978041 0.258959 -0.00598637
-0.0483792 0.610383 0.003416
0.583031 -0.187039 0.00336565
0.481404 0.381233 -0.804097
-0.263377 -0.208513 -0.511932
0.0278154 -1.01136 -0.00606652
-0.271275 -0.214831 0.505151
0.468822 0.371168 0.81615
0.935463 0.740712 0.0118656

0.294062 -0.499639 0.196999
0.272533 0.517159 0.182187
-0.566155 -0.00859222 0.233056
-0.486351 -0.825465 -0.325162
-0.991353 -0.0306541 -0.66345
-0.520647 0.794327 -0.348757
-0.000440224 -0.00892771 -0.612242
0.954099 0.0153016 -0.336333
0.991353 0.0306541 0.66345
0.0528984 0.0158363 1.01025

0.295008 -0.495568 -0.205675
0.298905 0.495568 -0.19997
-0.575962 0.0297627 -0.205675
-0.444075 0.832368 0.365542
0.491576 0.815005 0.719726
0.943408 -0.00450103 0.365542
-0.0179514 -0.0297625 0.61132
-0.502048 -0.832368 0.280663
-0.491576 -0.815005 -0.719726
0.00271452 0.00450073 -1.01175

-0.268567 -0.508567 0.210122
-0.268567 0.508567 0.210122
0.581945 -3.60336e-12 0.190421
0.477319 0.810163 -0.373446
0.939808 -1.22828e-11 -0.735288
0.477319 -0.810163 -0.373446
-0.0448101 -4.1746e-12 -0.610665
-0.97654 5.73882e-12 -0.264632
-0.939808 1.3288e-11 0.735288
0.0219009 7.34045e-12 1.01152

-0.37616 -0.48292 0.0145343
-0.340828 0.507365 0.0365625
0.603978 0.811375 0.0232711
0.324678 0.0262857 -0.518472
-0.629705 0.0387479 -0.790968
-0.0900762 -0.79896 -0.881724
0.538207 -0.850316 -0.10467
0.39231 -0.0507303 0.467375
0.0900761 0.79896 0.881724
-0.51248 0.000193076 0.872367

-0.335843 -0.511911 0.00872028
-0.345891 0.505172 0.00893512
0.597813 0.816112 -0.0155182
1.19281 0.011791 -0.0308911
0.327701 0.00334679 -0.517224
0.61382 -0.804135 -0.0158604
0.354033 0.00339222 0.499569
-0.584842 -0.0059524 0.825581
-1.19281 -0.011791 0.0308911
-0.62679 -0.00602466 -0.794202

0.417961 -0.432641 0.110102
0.451183 0.568131 0.109027
-0.428408 0.125285 0.0870734
-0.783419 0.106814 -0.833963
-0.272357 0.906078 -0.496781
0.198955 0.0600538 -0.709337
-0.368974 -0.712962 -0.429627
-0.400492 -0.732173 0.575736
0.108622 0.0679466 0.911127
1.07693 0.0434679 0.676644

-0.245552 -0.303277 0.233536
-0.188959 0.679604 0.20164
0.655379 0.161304 0.301344
0.188662 0.152486 -0.561379
-0.30777 0.992328 -0.734901
-0.795576 0.180168 -0.425636
-0.334291 -0.678108 -0.675547
0.54966 -0.699025 -0.195639
0.470212 -0.672559 0.804497
0.00823411 0.187078 1.05208

-0.578176 -1.12482 0.141418
-0.576669 -0.133993 0.153264
0.389882 0.172447 0.158324
-0.199275 0.252671 -0.665429
0.468303 0.951138 -0.443484
0.765342 0.0375457 -0.744841
0.132283 -0.631427 -0.349324
0.119931 -0.633883 0.65603
-0.178747 0.277789 0.958554
-0.342874 0.832536 0.135489

-0.435674 -0.418557 -0.0948098
-0.442118 0.582197 -0.061681
0.424913 0.117405 -0.1117
0.328541 0.883007 0.504289
0.839286 0.0611997 0.782626
-0.150064 0.0425376 0.72251
0.377411 -0.734997 0.382592
0.342023 -0.723282 -0.622758
-0.166639 0.0992761 -0.899413
-1.11768 0.0912141 -0.601655

-0.575475 -1.12475 0.152555
-0.577826 -0.13386 0.148964
0.38745 0.17642 0.159906
-0.347484 0.833188 0.1187
-0.192832 0.241506 -0.671446
0.469613 0.945961 -0.45307
0.773409 0.0289672 -0.736849
0.138523 -0.636258 -0.337954
0.115031 -0.623128 0.667118
-0.19041 0.291958 0.952076

-0.591144 -1.11589 0.157637
-0.57965 -0.125089 0.149501
0.389867 0.171721 0.159146
-0.189394 0.241094 -0.672572
-0.335816 0.838497 0.114832
0.482815 0.937218 -0.457342
0.773787 0.0147775 -0.736873
0.129641 -0.639675 -0.335014
0.106269 -0.621607 0.669984
-0.186376 0.298955 0.950702

0.284502 -0.341368 0.0966367
0.2876 0.674548 0.0928421
-0.571691 0.201617 0.0806961
0.0322159 0.153897 -0.716592
-0.955521 0.131621 -0.830163
-0.492981 -0.651624 -0.422993
-0.518425 -0.647887 0.582598
-0.00473264 0.158087 0.896673
0.958096 0.162494 0.613431
0.980937 0.158615 -0.393129

0.136962 -0.422672 -0.0969608
0.12661 0.591239 -0.0916391
-0.727742 0.10985 -0.0683699
-0.663801 -0.735404 -0.582408
-0.163512 0.0775743 -0.892346
0.802665 0.0930662 -0.612382
0.827979 0.0803692 0.39314
0.420199 0.890483 0.806218
-0.122397 0.061446 0.720742
-0.636963 -0.745952 0.424005

-0.298094 -0.327962 0.101944
-0.267485 0.686573 0.0584621
0.575712 0.186271 0.0885992
-0.00814244 0.126158 -0.722664
0.980976 0.0677672 -0.807843
0.482173 -0.683415 -0.383433
0.48112 -0.640407 0.621567
-0.0137596 0.193477 0.889614
-0.968087 0.217405 0.579821
-0.964412 0.174133 -0.426068

0.911445 -0.885141 -0.0728721
0.91235 0.111011 -0.0431382
-0.0134336 0.443055 -0.101653
-0.641354 -0.355536 -0.0927844
-0.518916 0.219131 0.715363
0.450291 0.483464 0.769054
0.196245 -0.403572 0.415462
0.223679 -0.381682 -0.585246
-0.528033 0.197649 -0.907779
-0.992273 0.571621 -0.0964064

0.281586 -0.343566 -0.0973828
0.285456 0.67222 -0.113951
-0.573514 0.20065 -0.0693762
-0.481906 -0.642473 0.448957
-0.93286 0.149285 0.852644
0.0514961 0.168113 0.712258
0.991218 0.165249 0.363493
0.941432 0.149089 -0.641972
-0.0286394 0.140186 -0.899202
-0.534269 -0.658753 -0.555468

-0.4392 -0.418333 0.0780574
-0.421372 0.579731 0.156792
0.434448 0.0960964 0.093978
-0.197364 0.12643 -0.701008
0.316974 0.927863 -0.424906
0.78581 0.133198 -0.827896
0.331106 -0.694184 -0.487354
0.364055 -0.795089 0.51307
-0.102796 0.000472158 0.91433
-1.07166 0.0438145 0.684935

0.436874 -0.408017 0.129052
0.42471 0.592232 0.0843121
-0.433853 0.10939 0.0813463
-0.311952 0.870272 -0.535966
0.197724 0.0380488 -0.711201
-0.785459 0.0347038 -0.838152
-0.335256 -0.747018 -0.398251
-0.368274 -0.723805 0.606979
0.103253 0.112451 0.907337
1.07223 0.121743 0.674544

0.442982 -0.409998 0.0982864
0.410429 0.5895 0.149211
-0.437499 0.0926536 0.0825937
-0.770464 0.0998579 -0.846796
-0.320428 0.911536 -0.456481
0.209925 0.110015 -0.700127
-0.31195 -0.71165 -0.474634
-0.363944 -0.785759 0.527325
0.0841323 0.026741 0.915846
1.05682 0.077103 0.704775

-0.294069 -0.33713 0.0817234
-0.284025 0.678693 0.0711001
0.568384 0.195155 0.113339
0.508984 -0.660703 -0.388553
1.00488 0.113805 -0.77252
0.0124909 0.149052 -0.71823
-0.953679 0.167793 -0.451983
-0.990797 0.178731 0.554099
-0.0466866 0.164552 0.894304
0.474521 -0.649946 0.61672

0.218832 -1.0735 -0.346937
0.310877 -0.0909284 -0.319216
-0.575538 0.338391 -0.304095
-0.0767602 0.237527 0.558283
-0.583339 1.06836 0.371256
0.256891 0.874145 -0.128239
0.894295 0.28666 0.382108
0.448251 -0.605845 0.51094
-0.474556 -0.551165 0.131767
-0.418953 -0.48365 -0.855867

-0.394626 -0.459836 0.0825394
-0.488686 0.536779 0.10621
0.416456 0.1482 0.106832
-0.175796 0.0680851 -0.714709
0.234896 0.934459 -0.462122
0.805851 0.177099 -0.799931
0.427401 -0.67714 -0.433412
0.422718 -0.722878 0.571577
-0.14628 0.0355035 0.907694
-1.10193 -0.040271 0.635323

0.292129 -0.336421 -0.0910682
0.263727 0.678414 -0.128651
-0.579745 0.180898 -0.0718571
0.0477209 0.184412 0.708478
-0.935227 0.137328 0.85206
-0.460276 -0.647957 0.463535
-0.514331 -0.686738 -0.540183
-0.0350749 0.120509 -0.901822
0.934796 0.165477 -0.64763
0.986282 0.204078 0.357138

-0.104562 -0.596027 0.0883775
-0.157893 0.416543 0.0915063
0.719053 -0.0291355 0.142619
0.200109 -0.104362 -0.703857
0.589682 0.770641 -0.447587
-0.339724 0.717327 -0.831071
-0.771321 -0.113831 -0.470258
-0.853283 -0.128351 0.532333
0.0757403 -0.0729118 0.914065
0.642198 -0.859893 0.683872

-0.431306 -0.410452 0.139627
-0.439474 0.585993 0.0412412
0.429051 0.123504 0.0864504
0.806807 0.00787227 -0.818322
0.307463 0.847313 -0.573998
-0.179281 -0.0045572 -0.717068
0.361855 -0.759346 -0.348557
0.367295 -0.681696 0.654468
-0.130035 0.158379 0.89698
-1.09237 0.132989 0.639178

0.181722 -0.336449 -0.246152
0.192218 0.67908 -0.219664
-0.662642 0.170485 -0.264702
-1.09987 0.126859 0.627455
-0.571684 -0.653811 0.303769
0.36762 -0.672992 0.663235
-0.112304 0.185897 0.571683
0.845548 0.138002 0.308285
0.900241 0.171966 -0.693284
-0.0408465 0.190963 -1.05062

-0.291726 -1.055 0.350035
-0.332515 -0.0697372 0.302295
0.573823 0.314951 0.331298
0.119884 0.223413 -0.556513
0.656302 1.03144 -0.353438
-0.21939 0.887919 0.100178
-0.855838 0.323578 -0.436786
-0.448724 -0.592025 -0.526488
0.452883 -0.576195 -0.0961521
0.3453 -0.488343 0.885571

-0.599469 -0.302487 0.309011
-0.528894 0.6931 0.262526
0.302969 0.163956 0.296884
0.692274 0.0640482 -0.602678
0.250772 0.925553 -0.329254
-0.296344 0.125153 -0.520105
0.104539 -0.519413 -1.15706
0.177244 -0.688825 -0.179806
0.169291 -0.661337 0.822144
-0.272383 0.200252 1.09834

0.428922 -0.591567 -0.11146
0.462971 0.388583 -0.0930218
-0.441829 -0.0690009 -0.0826925
-0.310108 0.781328 -0.566836
-0.293307 0.753789 0.438567
0.629193 0.747279 0.815602
0.13918 -0.111841 0.71158
-0.352837 -0.926872 0.397947
-0.370881 -0.901635 -0.608402
0.108695 -0.0700626 -0.901284

0.298435 -0.330652 -0.0917483
0.271646 0.68452 -0.0631622
-0.573118 0.187464 -0.101903
0.0311167 0.180771 -0.891846
-0.472435 -0.647093 -0.621304
-0.4923 -0.675829 0.38401
-0.995452 0.0834343 0.788434
-0.00467055 0.136365 0.720839
0.957137 0.176022 0.441419
0.979641 0.204998 -0.564738

-0.477331 -0.890686 -0.77353
-0.453794 0.105433 -0.793424
0.478744 0.480482 -0.753581
-0.0855348 0.443158 0.0557401
0.210079 -0.351575 0.615314
-0.568637 0.201133 0.882125
-0.621961 -0.382882 0.0692252
0.281707 -0.404883 -0.361528
0.872569 0.222106 0.135385
0.364159 0.577715 0.924275

-0.373029 -0.924037 0.186945
-0.378141 0.0615626 0.245012
0.584027 0.387501 0.234742
0.00314426 0.461067 -0.570643
-0.571983 -0.361953 -0.623212
0.21233 -0.25468 -1.22865
0.352063 -0.425519 -0.262634
0.319626 -0.438234 0.731318
0.0252847 0.46688 1.04978
-0.173322 1.02741 0.237339

0.303917 -0.320972 0.106881
0.304382 0.663481 0.0732853
-0.574827 0.184856 0.0969209
-0.448312 1.01816 0.617962
0.0072957 0.178732 0.902534
-0.477185 -0.653274 0.611123
-0.469078 -0.673219 -0.394687
0.451543 -0.697817 -0.793606
-0.0321106 0.164406 -0.719923
0.934375 0.135644 -0.500491

0.416728 -1.06496 -0.113337
0.420037 -0.0786104 -0.155567
-0.54235 0.24062 -0.148155
0.214503 0.884728 -0.133463
-0.589497 1.04084 0.434353
0.0356993 0.303279 0.667063
0.610769 -0.51666 0.708498
-0.310815 -0.573723 0.347254
-0.274065 -0.574295 -0.651237
0.0189908 0.338784 -0.95541

-0.426278 -0.429861 -0.0865875
-0.449909 0.571116 -0.0981547
0.425583 0.119762 -0.106527
0.301412 0.909959 0.472306
0.818448 0.110242 0.799149
-0.168664 0.0716997 0.716073
0.379748 -0.710737 0.423888
0.369189 -0.743938 -0.581549
-0.145818 0.0566392 -0.906695
-1.10371 0.0451178 -0.631903

0.427299 -0.596241 0.0908904
0.466768 0.383875 0.093591
-0.440741 -0.0684039 0.0887702
-0.29637 0.764958 -0.416618
0.619468 0.76179 -0.809599
0.126288 -0.0967357 -0.716184
-0.36504 -0.915839 -0.412228
-0.365659 -0.912908 0.594594
0.123737 -0.0906997 0.897496
-0.29575 0.770204 0.589288

-0.295341 -0.330473 0.10185
-0.268794 0.684692 0.072773
0.576432 0.186999 0.0821556
-0.0200879 0.136676 -0.720515
0.967734 0.0830466 -0.822259
0.478258 -0.676023 -0.401035
0.493095 -0.64771 0.604377
-0.000207979 0.180406 0.892463
-0.95943 0.205471 0.598269
-0.971658 0.176917 -0.408078

0.383389 -0.191896 0.0347077
0.443528 0.790952 0.04228
-0.458301 0.372661 0.0476607
-0.4567 -0.461011 -0.470449
0.105068 0.308323 -0.769174
0.443957 -0.635016 -0.844418
0.118101 -1.13943 -0.0337949
-0.415718 -0.497834 0.526375
0.117445 0.286187 0.853472
-0.28077 1.16706 0.613341

-0.333102 -1.09363 0.0800635
-0.414556 -0.112272 0.0235358
0.517763 0.284802 0.0446854
-0.284599 0.858296 -0.0802616
0.462694 1.16122 0.504518
-0.111516 0.404755 0.80489
0.279431 -0.498004 0.609623
0.386947 -0.591107 -0.37854
-0.506064 -0.640403 -0.804468
0.00300173 0.226342 -0.804046

-0.528476 -1.2391 -0.0488718
-0.537804 -0.248498 -0.0142504
0.42449 0.0691186 0.0067961
-0.359477 0.716064 0.0213919
0.474609 0.932676 -0.46717
0.464221 0.897343 0.54098
-0.14371 0.143478 0.810242
0.161431 -0.753192 0.480368
0.171826 -0.717834 -0.528489
-0.127109 0.199947 -0.800996

0.158966 -1.06776 0.384723
0.218867 -0.0835186 0.360746
-0.680901 0.32185 0.361271
-0.199256 0.238385 -0.504636
0.131931 0.880262 0.178447
0.28664 1.05385 -0.790113
0.779518 0.310693 -0.346313
0.353355 -0.587805 -0.476819
-0.560952 -0.56738 -0.0764213
-0.488167 -0.498586 0.909115

0.355053 -0.232504 0.0699613
0.35833 0.753733 0.0348744
-0.517395 0.28325 0.057092
0.0635318 0.27206 0.863746
-0.926121 0.208358 0.957045
-0.425159 -0.561877 0.572403
-0.422154 -0.578141 -0.430429
0.500519 -0.614804 -0.827576
0.0245285 0.251378 -0.760681
0.988867 0.218548 -0.536436

-0.567394 -1.22235 -0.0311714
-0.545348 -0.231494 -0.0139131
-0.336586 0.727392 0.00621664
0.426423 0.0557026 0.00874747
0.507329 0.908716 -0.479831
0.488882 0.891561 0.528677
-0.144632 0.162275 0.806523
0.134008 -0.749331 0.494627
0.152468 -0.732164 -0.514588
-0.115149 0.189693 -0.805287

-0.56397 -1.22433 2.28007e-17
-0.544771 -0.233265 5.62387e-17
-0.338733 0.726422 2.55604e-17
0.426331 0.0570697 4.29198e-17
0.495597 0.901853 -0.504411
-0.130418 0.175595 -0.806156
0.145392 -0.740395 -0.504765
0.145392 -0.740395 0.504765
-0.130418 0.175595 0.806156
0.495597 0.901853 0.504411

0.258929 -0.738359 -0.173812
0.28297 0.277872 -0.166526
-0.642512 0.613663 -0.186296
-1.09444 0.402883 0.675975
-0.11707 0.595053 0.675513
0.454036 -0.229334 0.662561
-0.462086 -0.247535 0.276387
-0.385144 -0.199612 -0.713828
0.59012 -0.228017 -0.95559
1.11519 -0.246614 -0.0943849

-0.0718912 -0.424084 1.12238e-17
-0.0612687 0.589435 2.17114e-17
0.794188 0.10814 2.07159e-17
0.714377 -0.740689 0.504411
0.206365 0.0724957 0.806156
-0.750212 0.0806508 0.504765
-1.00209 0.901594 2.18076e-17
-0.750212 0.0806508 -0.504765
0.206365 0.0724957 -0.806156
0.714377 -0.740689 -0.504411

-0.0268622 -0.58781 0.0703263
-0.0220432 0.425675 0.0577096
0.826088 -0.0773873 0.0965402
0.282385 -0.127014 -0.739293
0.732331 0.723475 -0.503647
-0.210083 0.723475 -0.863617
-0.68009 -0.0773874 -0.478769
-0.739839 -0.0627705 0.522311
-0.365123 -0.877485 0.955905
0.203236 -0.0627703 0.882534

-0.32739 -0.278654 0.0135338
-0.313786 0.737371 -0.015816
0.537576 0.24887 -0.0162416
0.444853 -0.617499 -0.494885
1.28739 -0.399452 -0.0103663
0.46195 -0.588582 0.514086
-0.0297561 0.237402 0.800303
-0.993347 0.249112 0.514383
-1.01043 0.220215 -0.493881
-0.057061 0.191218 -0.811116

0.54601 -0.225515 -0.0469396
0.4834 0.766627 -0.0521368
-0.351665 0.245015 -0.03626
-0.767221 0.0964127 0.845849
0.223275 0.247767 0.765826
-0.185793 -0.616162 0.477759
-1.05763 -0.439376 0.0419112
-0.240856 -0.608538 -0.519038
0.19279 0.230462 -0.856639
1.15769 0.303307 -0.620332

0.567392 -0.166843 -0.0376496
0.408959 0.783891 0.20586
-0.369874 0.188622 0.112383
-0.162243 -0.506918 -0.599282
0.136427 0.440749 -0.696317
-0.837805 0.200487 -0.755826
-1.00972 -0.53504 -0.0871194
-0.138324 -0.73478 0.372417
0.236927 0.0478473 0.875035
1.16826 0.281985 0.610499

0.0404355 -0.589093 -0.0502259
0.012356 0.423855 -0.0721765
-0.823959 -0.0995861 -0.0943642
-0.28044 -0.108203 0.743017
-0.749441 0.723204 0.478226
0.192216 0.757116 0.838578
0.68101 -0.0453874 0.481556
0.74182 -0.0635209 -0.519402
0.3865 -0.900929 -0.9252
-0.200498 -0.0974567 -0.880008

0.459413 -0.656232 0.0269691
0.496087 0.324142 -0.00421041
-0.409967 -0.130159 -0.000965096
-0.277787 0.71982 0.478335
0.343325 1.30298 -0.0377277
-0.265074 0.687256 -0.530589
0.169004 -0.176208 -0.798823
-0.325497 -0.989968 -0.476864
-0.338202 -0.957428 0.531353
0.148699 -0.124202 0.812523

0.318681 -0.714836 -0.172857
0.26373 0.300128 -0.159328
-0.684446 0.56342 -0.195455
-0.175819 0.579336 0.676438
-1.13518 0.312104 0.656518
-0.446739 -0.284535 0.265804
0.457617 -0.198264 0.670081
1.13256 -0.158882 -0.0737542
0.624294 -0.174787 -0.945035
-0.354707 -0.223684 -0.722412

-0.116243 -0.277712 -0.307212
-0.0894553 0.738439 -0.298554
0.74905 0.196779 -0.312942
0.186309 0.247289 0.505297
0.614586 -0.615588 0.259704
0.424416 -0.403402 1.21416
-0.335854 -0.593426 0.599298
-0.76889 0.232173 0.229421
-0.806846 0.248797 -0.774909
0.142927 0.226651 -1.11426

-0.326567 -0.279732 -0.0109426
-0.313522 0.735997 -0.049397
0.536333 0.25071 0.0260516
0.486332 -0.620696 -0.449808
1.28494 -0.394707 0.100949
0.419225 -0.581728 0.556735
-0.0970191 0.2452 0.792587
-1.03347 0.250467 0.427309
-0.966409 0.211526 -0.578529
0.0101574 0.182964 -0.814955

0.330619 -0.275073 -0.00642723
0.305142 0.741147 -0.00428103
-0.54044 0.242917 0.010163
0.0554565 0.213533 0.805642
-0.437202 -0.609175 0.511733
-1.28262 -0.414047 0.0224766
-0.455431 -0.607501 -0.497631
0.026344 0.216208 -0.806406
0.989957 0.246832 -0.521963
1.00817 0.245158 0.486694

0.19899 -0.397795 0.281414
0.198395 0.595186 0.280573
-0.791776 0.597104 0.277126
-0.298393 0.0995871 -0.421991
0.525203 0.597104 -0.654118
1.02368 0.098622 0.050842
0.52999 -0.396514 -0.655137
-0.298467 -0.895402 -0.422096
-0.794332 -0.396514 0.2813
-0.293294 0.0986219 0.982087

-0.497683 -0.990338 2.13645e-17
-0.497125 2.62008e-17 6.83992e-18
0.497125 -1.62839e-18 5.6911e-17
1.11372e-17 0.495931 -0.703383
0.497683 0.990338 3.16756e-19
-0.497683 0.990338 -2.13465e-17
1.51439e-17 0.495931 0.703383
-6.98163e-19 -0.495931 0.703383
0.497683 -0.990338 2.97512e-17
1.08289e-17 -0.495931 -0.703383

0.167009 -0.488348 0.135127
0.268204 0.779881 0.188979
-0.718349 0.727805 0.192886
-0.19852 0.182606 -0.460304
0.803855 0.145425 -0.324761
0.382336 -0.553384 -0.854578
-0.519275 -0.775294 -0.558562
-0.815127 -0.254802 0.208431
-0.171144 0.161864 0.812632
0.801011 0.0742465 0.66015

0.214437 -0.465595 0.147896
0.263933 0.802634 0.0444926
-0.506044 0.16825 0.0156963
-0.188245 0.619606 -0.814606
0.634275 0.113248 -0.54839
-0.184416 -0.36716 -0.777164
-0.707703 -0.820449 -0.093484
-0.559549 -0.47174 0.804416
0.0800956 0.260787 0.835688
0.953216 0.160418 0.385454

-0.299041 -0.429868 -0.102095
-0.107569 0.828686 -0.132551
0.528676 0.0673268 -0.0245659
0.304468 0.655688 0.748533
-0.599753 0.288013 0.522691
0.114046 -0.311028 0.814282
0.540117 -0.924464 0.190681
0.457822 -0.651049 -0.741116
-0.0318957 0.181332 -0.859594
-0.90687 0.295364 -0.416265

-0.20519 -0.485553 -0.0822836
-0.287114 0.784039 -0.136779
0.50062 0.177167 -0.0512456
0.191879 0.72145 0.724999
-0.62287 0.165851 0.548076
0.214417 -0.261999 0.811284
0.73232 -0.784788 0.174741
0.551548 -0.555382 -0.755026
-0.108729 0.151676 -0.859053
-0.966881 0.0875389 -0.374712

0.319968 -0.72869 0.287215
0.323819 0.26853 0.328128
-0.67542 0.384144 0.411147
-0.22264 0.146172 -0.462277
-0.16582 1.07371 -0.0487772
0.605518 0.728489 -0.534201
0.711616 -0.235787 -0.459138
-0.0628912 -0.822934 -0.633841
-0.631619 -0.548676 0.125991
-0.202531 -0.264954 0.985754

0.421099 -0.261732 -0.196996
0.411368 0.750393 -0.201214
-0.431081 0.196268 -0.245526
-0.444262 -0.0678978 0.716856
-0.301269 0.878038 0.470337
0.475009 0.269539 0.646201
0.327455 -0.706307 0.690531
-0.414939 -0.773812 0.0429051
-0.251109 -0.566733 -0.893576
0.207729 0.282244 -1.02952

0.229539 -0.46928 0.108272
0.176778 0.798335 0.217421
-0.795425 0.624841 0.244548
-0.233673 0.175983 -0.446164
0.769498 0.257049 -0.338525
0.420037 -0.465436 -0.888626
-0.438002 -0.809162 -0.579767
-0.770977 -0.361974 0.217647
-0.164045 0.10508 0.823352
0.806269 0.144565 0.641842

-0.41084 -0.280775 0.192381
-0.465378 0.729284 0.156105
0.40818 0.232956 0.252498
0.474499 -0.0661765 -0.697375
0.262668 0.877197 -0.49443
-0.466307 0.213468 -0.672941
-0.255691 -0.751754 -0.672621
0.464426 -0.746391 0.00304737
0.252465 -0.514922 0.924032
-0.264023 0.307113 1.0093

0.232217 -0.4341 -0.20559
0.169631 0.827653 -0.0455699
-0.80145 0.655591 -0.103961
-0.232079 0.076313 0.47429
0.769774 0.186599 0.381352
0.429047 -0.63827 0.768927
-0.42845 -0.916585 0.398774
-0.769725 -0.314595 -0.285227
-0.170054 0.274403 -0.782078
0.80109 0.282992 -0.600917

0.170843 -0.819943 0.119861
0.197589 0.450175 0.207211
-0.804571 0.31654 0.158962
-0.380482 0.882248 -0.509501
0.522139 0.598432 -0.742946
0.816232 -0.19465 -0.262063
-0.164992 -0.109456 -0.495411
-0.801019 -0.663304 0.036419
-0.271247 -0.229538 0.767853
0.715508 -0.230502 0.719616

0.304384 -0.181769 -0.218926
0.295937 0.810484 -0.215564
-0.563901 0.310236 -0.213321
-0.2798 -0.181842 0.59024
-0.278757 0.810248 0.594729
0.582199 0.314664 0.594106
0.584638 -0.679336 0.595065
-0.185163 -1.0056 0.0541286
-0.470111 -0.512056 -0.751826
0.0105741 0.314971 -1.02863

0.178924 -0.33232 0.0546011
0.219374 0.658467 -0.0490514
-0.657836 0.208733 0.0882761
-0.25587 0.748504 0.81685
0.581022 0.214441 0.760514
-0.307473 -0.241079 0.899608
-0.634906 -0.674392 -0.371362
0.261272 -0.762619 -0.82857
-0.182805 0.119873 -0.775135
0.798297 0.0603921 -0.595731

0.563014 -0.823702 -0.0187411
0.351683 0.129213 0.0710954
-0.636276 0.248157 0.132972
-0.666013 0.34806 -0.853377
-0.257073 -0.461779 -0.452531
0.317217 0.208605 -0.904329
-0.0668643 0.927674 -0.311294
-0.0565355 0.336205 0.937865
-0.22822 -0.560315 0.531587
0.679067 -0.352118 0.866752

-0.328858 -0.908627 -0.167937
-0.329272 0.0705674 -0.178974
0.667578 0.0882527 -0.175102
0.139966 0.90048 -0.406651
0.180074 0.57306 0.536468
-0.678223 0.917666 0.18515
-0.661674 0.076029 0.74312
0.176924 -0.416363 0.52863
0.665376 -0.903546 -0.183982
0.168108 -0.397519 -0.880722

-0.216926 -0.260084 -0.175302
-0.224865 0.751689 -0.181719
0.632284 0.260229 -0.128872
0.865694 -0.232646 0.699586
0.640298 -0.731374 -0.130626
0.00666691 -0.731374 0.653453
0.00670047 0.260229 0.645249
-0.925701 0.224753 0.297294
-0.880541 0.233825 -0.711584
0.0963893 0.224753 -0.967479

0.517916 -0.593206 0.168795
0.549242 0.395725 0.160764
-0.339538 -0.0560455 0.16433
-0.602723 0.417967 -0.651139
-0.291203 0.922017 0.164433
0.272801 0.889384 -0.65387
0.241678 -0.101924 -0.644448
-0.285401 -0.891911 -0.344763
-0.279875 -0.903164 0.665089
0.217102 -0.0788425 0.970809

0.19897 -0.269065 0.182884
0.169484 0.738248 0.273653
-0.653147 0.232979 0.0568338
-0.748293 -0.191668 -0.834441
0.0758992 0.314927 -0.615768
0.112799 -0.671954 -0.705484
-0.625626 -0.754956 -0.0242287
-0.241222 0.137722 0.95847
0.761228 0.192155 0.848521
0.949908 0.271611 -0.14044

0.234791 -0.257075 -0.155619
0.232364 0.754744 -0.158086
-0.620682 0.254133 -0.185151
-0.923279 -0.244576 0.617017
-0.617802 -0.737484 -0.190764
-0.0582904 -0.734097 0.647809
-0.0682768 0.257477 0.642771
0.89228 0.233191 0.381153
0.939144 0.245959 -0.627607
-0.0102492 0.227729 -0.971522

0.324016 -0.923106 -0.0695867
0.335487 0.0504833 -0.174159
-0.66074 0.0763105 -0.20423
-0.190568 0.623264 0.473125
0.682065 0.925821 0.118411
0.638782 0.141726 0.753454
-0.197996 -0.362345 0.560012
-0.669108 -0.911756 -0.118184
-0.144681 -0.478807 -0.843661
-0.117257 0.858409 -0.495182

-0.472813 -0.165535 0.0639654
-0.345739 0.795619 -0.0458451
0.607312 0.51623 0.0663849
0.851301 -0.163304 0.744635
-0.0247667 0.311843 0.787855
0.00969322 -0.68888 0.744939
0.444809 -0.450377 -0.118089
-0.313355 -0.637913 -0.776224
0.111912 0.24702 -0.731666
-0.868354 0.235297 -0.735956

-0.207452 -0.673206 0.378795
-0.386022 0.307439 0.413652
0.542822 0.614891 0.597358
0.285515 0.292032 -0.297059
-0.5587 0.742552 -0.494083
-0.131739 0.0674005 -1.15288
-0.646218 -0.228816 -0.372725
0.234905 -0.65715 -0.51732
0.710653 -0.333448 0.319937
0.156235 -0.131694 1.12433

0.313927 -0.370693 -0.138135
0.322085 0.699325 -0.126822
-0.630191 0.487123 -0.0727909
-0.952368 -0.150669 0.613317
-0.00316189 0.150636 0.62605
-0.220563 -0.818435 0.557763
-0.646435 -0.47123 -0.280424
-0.0907998 0.161579 -0.848702
0.926835 0.163576 -0.682096
0.980672 0.148788 0.35184

-0.685501 -0.832057 -0.378989
-0.701641 0.158002 -0.349948
0.137036 0.657104 -0.397885
0.321624 -0.0470107 0.386514
0.638958 0.877919 0.41476
-0.364349 0.643373 0.456035
-0.602792 -0.343698 0.486916
0.106731 -0.989582 0.197283
0.153647 -0.319569 -0.537501
0.996288 0.195519 -0.277184

0.308349 -0.698824 -0.159513
0.294905 0.3711 -0.174245
-0.675758 0.467818 -0.207537
-0.159249 0.820218 0.575731
-0.877555 0.150296 0.71636
0.0681498 -0.147811 0.623014
-0.632527 -0.489527 0.000881881
-0.185476 -0.165718 -0.832336
0.844465 -0.163599 -0.78176
1.0147 -0.143953 0.239404

-0.391346 -0.279185 0.154756
-0.207694 0.74726 -0.0856929
0.689449 0.39743 0.0802362
0.988874 -0.424786 -0.384121
0.120174 -0.00578096 -0.632585
0.149914 -0.950811 -0.321042
0.505159 -0.475806 0.486824
-0.00541124 0.345987 0.796813
-0.971653 0.450106 0.452028
-0.877467 0.195586 -0.547216

0.442237 -0.901429 0.146409
0.463343 0.0827655 0.183051
-0.480953 0.586189 0.18424
-0.565575 -0.0360218 -0.564407
0.169173 0.641541 -0.560761
0.355849 -0.349268 -0.685535
-0.359749 -0.99568 -0.430193
-0.380749 -0.38083 0.353042
-0.0124273 0.314364 1.00432
0.368851 1.03837 0.369829

-0.530136 -0.913553 -0.436166
-0.814195 0.0213024 -0.23496
0.0693803 0.43583 -0.245529
0.428016 -0.023429 0.652021
1.01647 0.260117 -0.0823278
0.480452 0.941052 0.484377
-0.429569 0.468244 0.592338
-0.39078 -0.522083 0.463086
0.347103 -0.501049 -0.207625
-0.176739 -0.166431 -0.985215

0.410173 -0.65682 0.246285
0.423232 0.323151 0.228775
-0.52104 0.0618918 0.246121
-0.320331 0.303141 -0.682499
-0.258787 1.00073 0.0171272
0.511981 0.828943 -0.612425
0.534707 -0.178479 -0.614085
-0.32414 -0.650459 -0.408293
-0.50089 -0.872606 0.558573
0.045096 -0.159495 1.02042

-0.40376 -0.672537 0.212092
-0.283257 0.493232 0.111253
0.68812 0.388176 0.190053
-0.0263192 -0.183655 -0.54906
0.311467 0.73463 -0.657295
0.94464 -0.0521475 -0.655188
0.580225 -0.586906 0.117245
0.0862451 -0.0795645 0.825286
-0.909534 0.017042 0.704835
-0.987826 -0.0582702 -0.299221

0.6153 -0.889949 0.392087
0.783466 0.0645724 0.205725
-0.0982867 0.479942 0.309653
-1.01286 0.173968 0.112169
-0.455115 -0.0645722 -0.670083
-0.574764 0.889949 -0.449414
0.345615 0.498379 -0.57187
0.423959 -0.498379 -0.516472
-0.259181 -0.479942 0.195883
0.231866 -0.173968 0.992322

0.19829 -0.66647 -0.459744
0.317745 0.309576 -0.372947
-0.583875 0.676359 -0.519959
-0.317745 0.309576 0.372947
0.583875 0.676359 0.519959
0.209303 -0.0351054 1.13106
0.695604 -0.28436 0.309169
-0.19829 -0.66647 0.459744
-0.695604 -0.28436 -0.309169
-0.209303 -0.0351054 -1.13106

0.493859 -0.493859 0.417535
0.493859 0.493859 0.417535
-0.493859 0.493859 0.417535
-0.698423 -3.32394e-12 -0.417535
7.72079e-12 -7.72077e-12 -1.12619
3.32396e-12 0.698423 -0.417535
0.698423 -3.32387e-12 -0.417535
3.32389e-12 -0.698423 -0.417535
-0.493859 -0.493859 0.417535
-8.04858e-12 8.0486e-12 1.12619

-0.12146 -0.827657 -0.233403
-0.141021 0.426987 -0.244695
0.766882 0.79399 -0.135046
0.344942 0.309236 0.62418
-0.530446 0.780278 0.588693
-0.484092 -0.201657 0.434304
0.358303 -0.685553 0.629282
0.627007 -0.189913 -0.185544
0.0296198 -0.198208 -0.984167
-0.849734 -0.207502 -0.493603

0.774831 -0.39228 -2.19699e-17
0.79279 0.60485 -2.17199e-17
-0.190935 0.753496 -2.46998e-17
-0.466751 -0.210295 -3.41544e-17
-0.736004 0.378554 -0.742807
0.216254 0.110194 -0.636178
0.0647822 -0.866632 -0.503489
0.0647822 -0.866632 0.503489
0.216254 0.110194 0.636178
-0.736004 0.378554 0.742807

-0.434984 -0.495677 -0.150829
-0.434984 0.495677 -0.150829
0.487666 0.860188 -0.158588
0.816392 7.28948e-12 0.220088
0.0936911 0.494418 0.67949
-0.769688 -7.43367e-12 0.640681
0.0936911 -0.494418 0.67949
0.487666 -0.860188 -0.158588
0.289558 4.4075e-12 -0.611402
-0.629008 -4.3988e-12 -0.989513

0.492531 -0.596902 -0.187041
0.49752 0.387973 -0.187895
-0.49752 0.387973 -0.187895
-0.492377 -0.0970432 0.669702
-1.91676e-17 0.766385 0.578678
0.492377 -0.0970432 0.669702
3.38725e-17 -0.958317 0.59784
-0.492531 -0.596902 -0.187041
4.66112e-17 -0.0995073 -0.895998
1.1178e-16 0.903383 -0.870052

-0.286118 -0.692147 0.123956
-0.295113 0.295098 -3.67027e-05
0.692148 0.286138 -0.123906
0.264127 0.871635 0.559033
0.0916496 0.69898 -0.803154
0.115428 -0.290683 -0.69172
0.697904 -0.697869 8.68532e-05
0.290602 -0.115327 0.691771
-0.699075 -0.091585 0.803078
-0.871552 -0.26424 -0.559108

-0.691009 -0.20301 0.239981
-0.672103 0.792979 0.247974
0.170379 0.295106 0.240953
1.02279 -0.185569 0.247975
0.456593 -0.20301 -0.571495
0.457827 0.792979 -0.551006
-0.404108 0.293916 -0.571495
-0.402925 -0.697886 -0.569822
0.169692 -0.699936 0.239981
-0.107138 -0.185569 1.04695

-0.370942 -1.17995 -0.123705
-0.382457 -0.191443 -0.113786
0.57571 0.140742 -0.11447
0.618608 0.950682 0.458188
-0.185421 0.77937 -0.0992432
-0.92432 0.411312 0.455443
0.0140451 0.202431 0.704204
0.331081 -0.681941 0.37696
0.322053 -0.667663 -0.626651
0.00164376 0.236458 -0.916939

-0.350073 -0.240212 -0.124972
-0.363197 0.754964 -0.121962
0.511869 0.294096 -0.125899
0.923873 0.210759 0.773594
-0.0640452 0.254643 0.684203
-0.466006 -0.649343 0.769523
0.442676 -0.561315 0.374982
0.440051 -0.55984 -0.6242
-0.0566765 0.253051 -0.93538
-1.01847 0.243198 -0.669887

-0.340086 -0.264016 -0.102505
-0.33775 0.726681 -0.0975069
0.597393 1.06056 -0.121396
0.374366 0.247819 0.403471
-0.56034 0.216206 0.732097
0.0158628 -0.603282 0.760251
-0.168953 -1.2315 0.00737272
0.596444 -0.597984 -0.058539
0.377581 0.213589 -0.59067
-0.554518 0.231921 -0.932575

-0.357896 -0.22843 -0.124903
-0.3449 0.766478 -0.101553
0.517658 0.283263 -0.127064
0.939403 0.170751 0.764705
-0.0481392 0.24206 0.690049
-0.472462 -0.65277 0.762656
0.432823 -0.580211 0.357306
0.416793 -0.558073 -0.641506
-0.0626081 0.273662 -0.929178
-1.02067 0.283271 -0.650512

0.436504 -0.911591 0.689112
0.408985 0.0812733 0.691212
-0.515921 0.457 0.64936
0.0377029 0.408031 -0.167211
-0.250692 -0.367512 -0.720309
-0.452461 0.563036 -1.01166
-0.927506 0.180986 -0.221718
-0.323978 -0.435768 0.263624
0.57324 -0.425429 -0.165786
1.01413 0.449974 -0.00662577

0.359429 -0.225114 -0.126512
0.346216 0.768802 -0.0763875
-0.515988 0.286818 -0.125877
-0.948985 0.150372 0.757116
0.0394286 0.223262 0.696906
0.46273 -0.673384 0.750605
-0.437352 -0.589493 0.335961
-0.408692 -0.540319 -0.661603
0.074374 0.2987 -0.920559
1.02884 0.300356 -0.629649

0.210546 -0.550711 0.318937
0.267747 0.413884 0.102419
-0.68764 0.643642 0.149518
-0.341248 0.106167 -0.613165
0.431029 0.685528 -0.834325
0.581584 -0.262386 -0.550473
-0.214765 -0.868041 -0.514849
-0.73828 -0.348225 0.163122
-0.254746 0.123617 0.889374
0.745774 0.0565249 0.889442

-0.224013 -0.594937 -0.212607
-0.222942 0.395298 -0.217976
0.748125 0.55261 -0.210738
0.290817 0.220763 0.60859
-0.449303 0.878922 0.614376
-0.649026 -0.098067 0.528445
0.0957901 -0.741645 0.710968
0.719671 -0.418318 -0.00328164
0.344644 -0.0938127 -0.862313
-0.653762 -0.100814 -0.955465

-0.530246 -1.02757 -0.210587
-0.698903 -0.0576072 -0.0989543
0.399341 0.576464 -0.0989541
0.616419 -0.0672384 0.633809
1.15503 -0.0545805 -0.210587
0.225611 -0.39077 -0.2139
-0.24998 -0.567454 0.633809
-0.244847 0.424087 0.627674
-0.525258 0.909774 -0.201893
-0.147165 0.254897 -0.860417

0.390203 -0.775599 0.270435
0.371988 0.210982 0.257812
-0.493911 0.686546 0.266296
-0.654033 0.0233877 -0.453287
0.0759649 0.686546 -0.555959
1.01515 0.346741 -0.480269
0.266727 -0.293804 -0.58661
-0.423099 -0.937735 -0.293235
-0.455645 -0.293805 0.455678
-0.0933438 0.34674 1.11914

0.390755 -0.496083 0.186605
0.390755 0.496083 0.186605
-0.593236 0.494715 0.187575
-0.589298 9.62716e-12 -0.668633
-0.0986829 0.860795 -0.595875
0.3975 7.59877e-12 -0.666539
-0.0986829 -0.860795 -0.595875
-0.593236 -0.494715 0.187575
-0.101826 -1.03146e-11 0.895739
0.895953 -1.5119e-11 0.882823

0.351937 -0.883645 0.28062
0.396938 0.0980743 0.257111
-0.544447 0.330446 0.384126
-0.899948 0.00608319 -0.487405
-0.102839 0.595988 -0.461314
0.687797 0.998544 -0.0229984
0.800014 0.210234 -0.637487
0.0129539 -0.385477 -0.514138
-0.606492 -0.639927 0.207479
-0.0959127 -0.33032 0.994006

0.342761 -0.33569 0.0557795
0.3547 0.671107 0.0489024
-0.628004 0.805445 0.0661667
-0.890222 -0.152442 0.0682187
-0.198024 0.166696 0.697259
-0.351522 -0.817043 0.561454
-0.356197 -0.81078 -0.446314
-0.221685 0.168479 -0.579283
0.766225 0.14791 -0.693997
1.18197 0.156318 0.221814

-0.417626 -0.848837 -0.297489
-0.56654 0.136981 -0.270863
0.706333 0.155891 -0.173097
0.0221868 0.70404 0.287094
-0.739349 0.214338 0.705714
0.150146 0.27769 1.17091
0.0382105 -0.29864 0.377675
0.588115 -0.84015 -0.233725
0.122067 -0.240303 -0.86472
0.0964568 0.738989 -0.701498

-0.588309 -0.361716 -0.00864174
-0.598682 0.637248 0.00323772
0.391316 0.781906 -0.00323773
0.667211 -0.17826 0.00864173
0.92327 0.393514 -0.758115
-0.0247614 0.140311 -0.631638
0.134076 -0.831918 -0.501538
0.109566 -0.835499 0.501538
-0.0164208 0.141529 0.631638
-0.997265 0.112887 0.758115

0.485343 -1.15034 0.152224
0.623188 -0.173919 0.241681
-0.504052 0.408821 0.23626
-0.596797 -0.0711844 -0.635045
-0.597071 0.930048 -0.600447
0.23545 0.423543 -0.429467
0.283685 -0.546179 -0.621069
-0.297633 -0.54615 0.180006
-0.0138113 -0.0296898 0.980068
0.381698 0.755053 0.495788

0.455839 -1.1655 0.213687
0.623387 -0.190336 0.216015
-0.589693 0.172087 0.201728
-0.415099 0.252782 -0.777981
-0.66164 1.05781 -0.234758
0.226741 0.635182 -0.128975
0.537055 -0.0591144 -0.765779
-0.15623 -0.562405 -0.278099
-0.149381 -0.548157 0.720187
0.129021 0.407651 0.833975

0.410366 -0.525944 0.162739
0.415953 0.469209 0.157709
-0.5481 0.301376 0.163721
-1.033 0.241678 -0.697395
-0.10313 0.614142 -0.673539
0.667994 -0.0254795 -0.656869
-0.259758 -0.352292 -0.529073
-0.549992 -0.662619 0.369845
0.00312731 -0.0309985 0.916782
0.996537 -0.0290721 0.786078

-0.334659 -1.0697 -0.324013
-0.323633 -0.0812549 -0.303513
0.58374 0.31791 -0.323503
0.124609 0.221366 0.554039
1.09602 0.0380126 0.482409
0.441709 -0.588541 0.0706136
-0.441557 -0.588271 0.543209
-0.854155 0.31862 0.424992
-0.210797 0.884445 -0.0971149
-0.0812744 0.547412 -1.02712

0.356809 -0.902306 0.265044
0.38154 0.0825474 0.225996
-0.540326 0.447474 0.232996
-1.00286 0.218811 -0.61791
-0.0245021 0.400672 -0.620753
0.96012 0.45033 -0.486426
0.523068 -0.438093 -0.608757
-0.378742 -0.431208 -0.205192
-0.314995 -0.362053 0.778335
0.0398876 0.533825 1.03667

0.305146 -0.320481 0.0874004
0.302058 0.670884 0.0717537
-0.569638 0.191832 0.10101
-0.469262 0.999953 -0.46401
-0.0127538 0.154443 -0.722812
0.412257 -0.741829 -0.800607
-0.495252 -0.65973 -0.394451
-0.462664 -0.653908 0.608328
0.0162254 0.179334 0.896485
0.973883 0.179503 0.616902

0.350751 -1.08765 -0.235027
0.34966 -0.0994463 -0.267038
0.14832 0.873087 -0.227663
-0.562039 0.234489 0.024833
-0.275805 0.287765 -0.923493
-0.477759 -0.598777 -0.499323
-0.152908 -0.567957 0.447792
-0.650877 0.0919864 1.00166
0.232442 0.337969 0.614997
1.03822 0.528529 0.0632671

-0.407761 -1.16935 -0.00243095
-0.387669 -0.180905 -0.0010815
-0.159564 0.783745 0.000848401
0.580575 0.119715 0.0016751
0.650616 0.935405 -0.556892
0.00842916 0.217388 -0.809709
0.307673 -0.685511 -0.501337
0.301396 -0.686493 0.503754
0.0215023 0.222148 0.810465
-0.915198 0.443855 0.554709

0.359549 -0.224677 -0.0570944
0.337548 0.769069 -0.0354978
-0.520548 0.278601 -0.0530357
0.0557366 0.276937 -0.857951
0.493397 -0.612441 -0.956621
-0.424356 -0.557783 -0.569849
-0.415336 -0.588143 0.429583
-0.941925 0.153485 0.835244
0.047075 0.237346 0.762344
1.00886 0.267606 0.502877

0.388102 -0.177216 -0.0314059
0.383949 0.816949 -0.033243
-0.482449 0.342376 -0.0377155
0.0944354 0.304822 0.775321
-0.896913 0.258338 0.858617
-0.401342 -0.510648 0.466778
0.180436 -1.14384 -0.0370825
-0.402641 -0.508206 -0.535045
0.0881588 0.304566 -0.845782
1.04826 0.312856 -0.580442

0.532825 -1.13559 -0.186954
0.540465 -0.144571 -0.195954
0.340703 0.823719 -0.145907
-0.380782 0.17932 0.0765772
0.397761 0.275613 0.687379
-0.496963 0.0253372 1.04627
0.0130442 -0.628947 0.493936
-0.284161 -0.637924 -0.463965
-0.0687669 0.252598 -0.864519
-0.594125 0.990442 -0.446864

0.381228 -1.08482 -0.141876
0.388478 -0.0961961 -0.15115
0.189958 0.876852 -0.104758
-0.529325 0.238209 0.120303
0.256871 0.327272 0.72792
-0.637081 0.0840461 1.09338
-0.138526 -0.574839 0.538599
-0.434861 -0.585281 -0.41834
-0.225728 0.305417 -0.819541
0.748985 0.509339 -0.844537

0.336739 -0.263824 -0.00435717
0.332549 0.727413 -0.000178182
-0.538471 0.247806 0.0065242
-0.426824 1.05947 -0.551139
0.034456 0.215479 -0.80953
-0.458615 -0.597133 -0.499031
0.132931 -1.23123 -0.00624365
-0.444705 -0.601755 0.505973
0.0357199 0.219449 0.810698
0.99622 0.224327 0.547283

0.357192 -0.815615 -0.415053
0.352708 0.169141 -0.425171
-0.206311 0.980307 -0.437651
-0.552423 0.169141 0.00151217
-0.457253 0.148026 0.981893
0.199999 0.663322 0.424262
1.0484 0.148026 0.272121
0.201853 -0.331189 0.428195
-0.547472 -0.815615 0.0114096
-0.396695 -0.315543 -0.841516

0.327015 -0.550164 0.147865
0.112821 0.418435 0.199922
-0.787066 0.0604424 0.0573923
-0.309338 0.531852 -0.686523
0.520066 1.03819 -0.455951
0.570396 0.0545703 -0.597943
-0.282362 -0.453473 -0.616951
-0.596061 -0.898495 0.22017
-0.268181 -0.210333 0.864881
0.712711 0.00897535 0.867138

-0.228013 -0.596839 0.152567
-0.22124 0.396488 0.14709
0.742957 0.227428 0.150704
0.290599 0.543576 -0.685528
-0.647335 0.877379 -0.606103
-0.479524 -0.101532 -0.667542
0.451519 -0.419658 -0.534801
0.7264 -0.738969 0.370574
0.179928 -0.0981692 0.906735
-0.81529 -0.0897035 0.766304

-0.303964 -0.877501 -0.0421683
-0.455023 0.089945 0.112466
0.802093 0.131752 0.072678
0.136027 0.745664 -0.333687
-0.614909 1.05869 0.239299
0.174893 0.617193 0.662084
0.201931 -0.38437 0.661743
0.6939 -0.851987 -0.0606443
0.17065 -0.207983 -0.599254
-0.805598 -0.3214 -0.712516

-0.288775 -0.502235 0.0866732
-0.298318 0.490976 0.0970157
0.57801 0.0305191 0.0917701
0.441719 0.839098 -0.468193
-0.500018 0.832809 -0.809807
0.0033112 -0.0179972 -0.719601
0.509959 -0.820327 -0.410345
0.499801 -0.823643 0.591897
0.00864383 -0.0104568 0.901518
-0.954332 -0.0187434 0.639072

-0.0780763 -0.961186 0.590387
-0.113374 0.0282042 0.574016
0.769487 -0.426481 0.572172
0.610765 0.380884 0.00734249
-0.332102 0.33014 -0.346668
0.259398 1.0819 -0.601319
0.441124 0.159654 -0.947801
0.205218 -0.49427 -0.238812
-0.751957 -0.497188 0.0168351
-1.01048 0.398343 0.373847

0.308133 -0.49209 -0.0777438
0.27408 0.499691 -0.121044
-0.580918 0.00263804 -0.0773001
-0.465968 0.834905 0.451899
0.483451 0.880519 0.768334
0.0155996 0.00639522 0.719637
-0.463196 -0.826927 0.450576
-0.478145 -0.863936 -0.550928
-0.0308796 -0.0415131 -0.900134
0.937844 0.000318115 -0.663296

0.99965 -0.771178 -0.0732188
1.02862 0.230124 -0.0859649
0.0961052 0.571212 -0.0890455
-0.529533 -0.23109 -0.0966202
-0.430703 0.337219 0.716726
-0.502723 -0.654935 0.798651
0.318869 -0.248272 0.419698
0.323105 -0.259346 -0.588646
-0.413929 0.334937 -0.904355
-0.889461 0.691329 -0.0972256

-0.296253 -0.493708 -0.107837
-0.29344 0.498783 -0.0676122
0.577012 0.0282971 -0.0985154
0.458731 0.808865 0.503694
-0.478153 0.796353 0.858235
0.0131224 -0.0546631 0.717636
0.505269 -0.846152 0.360703
0.481091 -0.798296 -0.640161
-0.00406506 0.0353719 -0.900916
-0.963314 0.025149 -0.625226

0.526993 -0.996221 -0.222115
0.540145 -0.00542297 -0.22662
-0.421409 0.326702 -0.243163
0.143579 0.412899 0.571892
-0.815859 0.162085 0.653076
-0.125425 -0.283547 1.22607
-0.177522 -0.490531 0.259476
-0.164343 -0.492882 -0.73687
0.159084 0.400794 -1.04527
0.334755 0.966124 -0.236476

-0.498643 -0.794746 -0.176839
-0.505587 0.188291 -0.192874
0.505587 0.188291 -0.192874
0.823536 0.192897 0.74146
-6.71275e-12 0.704945 0.477538
-0.823536 0.192897 0.74146
-6.34222e-12 -0.298044 0.515529
0.498643 -0.794746 -0.176839
1.19595e-11 -0.296847 -0.887515
1.30171e-11 0.717062 -0.849044

0.499934 -1.00722 0.162211
0.630992 -0.0319452 0.00514474
-0.630992 -0.0319452 0.00514474
-0.736007 0.949423 -0.152903
-2.67399e-12 0.610925 0.415834
0.736007 0.949423 -0.152903
3.24329e-12 0.449483 -0.586612
3.26583e-12 -0.541499 -0.55644
-0.499934 -1.00722 0.162211
-3.43518e-12 -0.339423 0.698311

0.329287 -0.425442 0.331312
0.344155 0.564446 0.330312
-0.528721 1.03061 0.353249
-0.319157 0.388014 -0.383123
-0.0971761 -0.267802 -1.09981
0.605842 0.059698 -0.48191
0.416585 -0.912302 -0.533764
-0.466164 -0.575761 -0.232457
-0.512293 0.0567643 0.529605
0.227641 0.0817747 1.18658

0.591433 -1.02439 -0.259461
0.61298 -0.0463493 -0.41019
-0.251419 0.435471 -0.38256
-0.694303 -0.0683501 0.34076
-0.52017 0.90096 0.456549
-0.138318 0.239574 1.10191
0.406344 0.567109 0.34076
0.230535 -0.399297 0.431988
-0.26635 -0.554031 -0.41019
0.0292685 -0.0506948 -1.20957

-0.29754 -0.162994 -0.184034
-0.287335 0.830096 -0.126468
0.579762 0.348951 -0.169994
0.0205174 0.280334 0.643469
-0.405978 -0.619071 0.686291
0.388231 -0.409332 1.2558
0.499596 -0.52983 0.276455
0.471568 -0.472514 -0.720608
-0.00558759 0.370253 -0.970601
-0.963233 0.364106 -0.690312

0.565403 -0.664556 0.162177
0.585702 0.327412 0.191164
-0.298782 -0.171911 0.173612
-0.708065 -0.0492457 -0.717831
0.280751 -0.133621 -0.629591
-0.101391 0.521982 -1.26987
-0.192745 0.694164 -0.296191
-0.201816 0.656625 0.702164
0.27331 -0.176307 0.986611
-0.202366 -1.00454 0.697754

-0.289468 -0.180634 -0.180402
-0.304611 0.81406 -0.17926
0.574644 0.353451 -0.17789
-0.000140959 0.31661 0.626752
-0.405503 -0.589512 0.712114
0.370945 -0.32784 1.28461
0.506245 -0.500508 0.316151
0.498291 -0.500248 -0.682919
0.00630993 0.314661 -0.990017
-0.956712 0.299959 -0.729141

0.17659 -0.338795 -0.0547643
0.163989 0.676886 -0.0414947
-0.679427 0.160473 -0.0754144
-0.592259 -0.666745 0.473016
-1.09498 0.122006 0.825495
-0.105067 0.157119 0.755658
0.850387 0.163685 0.463649
0.870114 0.186179 -0.536119
0.486343 -0.639649 -0.944055
-0.075689 0.178841 -0.865969

0.267875 -1.19832 -0.170883
0.286722 -0.210126 -0.150343
-0.669365 0.133112 -0.144984
0.0939473 0.761766 -0.132777
0.834035 0.3837 0.419789
0.244613 1.10221 0.787787
-0.109246 0.182131 0.669293
-0.428369 -0.699981 0.337851
-0.425502 -0.676615 -0.66357
-0.0947113 0.222119 -0.952163

-0.140608 -0.820133 0.30859
-0.164501 0.174371 0.302489
0.756591 0.528952 0.335711
0.256577 0.510867 -0.529081
-0.732612 0.562532 -0.407308
-0.344719 0.31585 -1.29488
-0.306148 -0.328061 -0.540101
0.598305 -0.331041 -0.138678
0.519556 -0.295793 0.84956
-0.442441 -0.317545 1.1137

-0.680172 -1.05695 -0.278416
-0.688376 -0.0620964 -0.285596
0.169835 0.405373 -0.472446
0.537485 -0.209797 0.577131
0.708883 0.728764 0.289483
1.03045 -0.0386375 -0.265599
0.176863 -0.554448 -0.272077
-0.398475 -0.557356 0.536172
-0.215291 0.40761 0.445068
-0.6412 0.937539 -0.27372

-0.162412 -0.738698 -0.306485
-0.209497 0.531325 -0.300302
0.710615 0.893503 -0.248431
0.315841 0.414316 0.536534
-0.510786 -0.115659 0.372076
-0.106573 -0.0951537 1.27941
0.345473 -0.587548 0.540689
0.57098 -0.0855333 -0.277934
-0.0468387 -0.0880622 -1.05236
-0.906802 -0.12849 -0.543192

-0.672334 -0.462549 0.00125525
-0.684798 0.53662 -0.000516952
0.306915 0.681969 0.00211107
0.584386 -0.273459 -0.00949016
0.836839 0.297523 0.759091
-0.11004 0.0413847 0.629889
0.0515011 -0.927868 0.503806
0.038845 -0.941328 -0.496235
-0.106723 0.035889 -0.632488
-0.244592 1.01182 -0.757422

0.176934 -0.984806 0.571252
0.211022 5.35153e-17 0.558811
-0.775702 1.48452e-16 0.548504
-0.289628 0.50065 -0.149215
0.200265 -6.28223e-17 -0.846697
-0.807872 -7.38967e-18 -0.821475
-0.289628 -0.50065 -0.149215
0.698837 -0.498573 -0.141608
0.698837 0.498573 -0.141608
0.176934 0.984806 0.571252

-0.720373 -0.249898 -0.482781
-0.697806 0.759574 -0.474479
0.137855 0.238772 -0.497929
0.430746 -0.254179 0.323814
0.425341 0.736712 0.300741
0.135625 0.23491 1.12691
-0.435498 0.245947 0.323814
-0.426371 -0.738496 0.337173
0.143768 -0.748811 -0.482781
1.00671 -0.224531 -0.47448

-0.144925 -0.553096 -0.262728
-0.0734219 0.713469 -0.282179
0.636869 0.0356072 -0.204495
0.381946 0.565507 0.594344
1.20177 -0.000244793 0.611936
0.306215 -0.435479 0.611129
-0.475772 0.121246 0.390502
-1.0637 -0.619351 0.0976989
-0.823453 0.114368 -0.541558
0.0544783 0.057976 -1.01465

0.490315 -0.861172 0.0491251
0.608761 0.115547 -0.0980355
-0.655743 0.0967863 -0.0965435
-0.0219822 0.74111 0.327355
-0.78571 1.07421 -0.217812
-0.0279513 0.609855 -0.667998
-0.0148682 -0.388827 -0.665316
-0.508325 -0.88084 0.0396434
-0.0296959 -0.213528 0.591158
0.945201 -0.29314 0.738423

-0.525522 -0.392132 -0.136921
-0.522752 0.606068 -0.127671
0.444266 0.41954 -0.142006
0.818369 -0.230719 0.511352
0.630939 0.71546 0.783988
-0.115045 0.0890055 0.612199
0.0587453 -0.879352 0.509051
0.425016 -0.540915 -0.347599
-0.112675 0.100813 -0.892226
-1.10134 0.112232 -0.770168

-0.204639 -0.754608 -0.289403
-0.186346 0.217909 -0.263533
0.665709 0.701957 -0.267578
0.387741 0.197966 0.548349
-0.474177 0.701957 0.538444
-1.13396 0.163612 -0.013989
-0.470266 -0.295167 0.552143
0.373819 -0.802072 0.52866
0.677321 -0.295167 -0.259324
0.364797 0.163612 -1.07377

-0.16666 -0.510509 -0.0494005
-0.178576 0.506283 -0.0498447
0.676755 -0.00141704 -0.0793252
0.597693 0.817439 0.482182
1.0943 0.0185495 0.821144
0.103974 -0.00435763 0.753727
-0.851391 -0.00990702 0.464017
-0.874432 -0.00458296 -0.535136
-0.47212 -0.821774 -0.939229
0.0704544 0.0102757 -0.868135

-0.443366 -1.24812 0.161203
-0.451236 -0.257332 0.144919
0.512882 0.0658165 0.152701
-0.244574 0.707874 0.134281
0.565729 0.871682 -0.421974
-0.344954 1.065 -0.7867
-0.0465301 0.125607 -0.668094
0.267177 -0.758118 -0.335563
0.248444 -0.738714 0.666033
-0.0635722 0.166299 0.953194

-0.513732 -0.561255 -0.00264177
-0.511872 0.449708 -0.00646299
0.435155 0.754533 0.0069535
1.02364 -0.0563622 -0.000136702
0.925366 0.499255 -0.821463
0.167247 -0.057436 -0.509475
0.437096 -0.865574 -0.00237394
0.173265 -0.0570314 0.507369
-0.769047 -0.05182 0.814753
-1.36712 -0.0540181 0.0134773

-1.08225 -0.834175 0.0707388
-1.10754 0.165345 0.0628303
-0.176848 0.506255 0.0559201
0.447019 -0.296736 0.0543753
0.80524 0.632999 0.0438548
1.22971 -0.0766683 -0.512154
0.329545 0.269941 -0.759776
-0.403187 -0.324188 -0.443434
-0.396062 -0.316282 0.567481
0.354383 0.273509 0.860164

-0.444418 -0.251302 0.173711
-0.429528 0.74652 0.130161
0.431937 0.264336 0.185078
-0.119581 0.198991 -0.64062
0.872682 0.129783 -0.692477
0.29499 -0.463144 -1.25324
0.357559 -0.613301 -0.273766
0.320842 -0.561476 0.722552
-0.166943 0.273896 0.973722
-1.11754 0.275697 0.674875

0.439467 -0.251734 -0.185294
0.4201 0.746579 -0.157682
-0.43984 0.258851 -0.173878
-0.848258 0.136547 0.720941
0.141095 0.210297 0.632581
-0.247401 -0.443783 1.27042
-0.343874 -0.610593 0.296414
-0.342947 -0.575191 -0.701298
0.130528 0.258526 -0.983438
1.09113 0.270501 -0.718768

0.343405 -0.378045 -0.178333
0.368465 0.641912 -0.192305
-0.489742 0.157884 -0.138548
-0.379879 -0.663376 0.429595
-1.27366 -0.407395 0.0778476
-0.839548 0.146542 0.790119
0.143321 0.154933 0.639456
1.07135 0.116725 0.275255
1.01297 0.10734 -0.725286
0.0433193 0.123479 -0.9778

0.317367 -0.963449 -0.456311
0.281695 0.026068 -0.461103
-0.636108 0.389066 -0.461435
-0.109656 0.342796 0.392984
0.873278 0.387281 0.246202
1.14348 -0.4265 -0.272453
0.424717 -0.486581 0.409455
-0.4573 -0.492703 -0.0396273
-1.08218 0.145075 0.398061
-0.755296 1.07895 0.244226

-0.414718 -0.263445 0.20634
-0.425785 0.741092 0.196003
0.431799 0.252643 0.205838
0.399923 -0.638272 0.637092
0.326798 -0.593313 -0.354939
1.19069 -0.373218 0.0814973
0.857558 0.179818 -0.685153
-0.135515 0.242867 -0.613271
-1.09038 0.21977 -0.336699
-1.14037 0.23206 0.663291

-0.385531 -0.65586 0.0775397
-0.393793 0.364432 0.0690257
0.53956 0.683595 0.10247
0.285515 -0.142385 0.593007
1.15243 -0.104827 0.107359
1.03704 0.441969 -0.723501
0.30652 -0.148639 -0.409783
-0.630519 -0.149206 -0.743909
-1.24016 -0.151729 0.0514382
-0.671055 -0.137351 0.876354

0.360862 -0.654652 0.161273
0.383493 0.331844 0.163654
-0.503124 -0.11183 0.164341
-0.369741 0.688817 -0.397178
0.300921 1.30525 0.000709812
0.566935 0.690312 -0.743409
0.0701838 -0.165899 -0.648846
-0.442023 -0.963341 -0.337291
-0.436116 -0.965031 0.664977
0.06861 -0.155475 0.97177

0.369079 -0.365148 0.151973
0.365624 0.655199 0.147759
-0.479465 0.146815 0.18036
-0.397985 -0.681263 -0.382644
-1.26306 -0.443676 0.0454818
-0.911961 0.109019 -0.712071
0.079886 0.147215 -0.652224
1.03796 0.141193 -0.374013
1.0713 0.148329 0.627693
0.12863 0.142318 0.967686

-0.559001 -0.573794 0.0601551
-0.575179 0.417121 0.0510455
0.43178 0.564258 0.0510455
0.69981 -0.389857 0.0601551
0.00878195 -0.0601009 0.685603
0.152101 -1.04093 0.56809
0.154085 -1.05451 -0.432566
0.0113622 -0.0777594 -0.574042
-0.131958 0.903081 -0.692834
-0.191782 1.31249 0.223347

-0.378401 -1.06843 0.19525
-0.569346 -0.106331 0.0154212
0.687772 -0.0248067 0.00978723
0.0222622 0.582293 0.409714
-0.737846 0.860976 -0.165204
0.156339 1.31381 -0.242422
0.0298092 0.396771 -0.590856
0.0892878 -0.591048 -0.536685
0.62027 -1.00411 0.190857
0.0798533 -0.359125 0.714138

-0.32452 -0.755698 -0.0463634
-0.316186 0.222816 -0.066022
0.693794 0.212917 -0.0534547
0.193873 1.00999 -0.346093
0.166788 0.720426 0.627355
-0.652784 0.163336 0.851261
0.20264 -0.278237 0.641141
0.667174 -0.778916 -0.0790132
0.182805 -0.248372 -0.763829
-0.813585 -0.268264 -0.764983

-0.144326 -0.894041 0.0254534
-0.0795734 0.0901064 0.112666
0.83334 0.416411 0.0515095
0.041785 1.05202 -0.0228129
-0.721493 0.537637 -0.464706
0.228922 0.42559 -0.766326
0.595609 -0.423891 -0.425712
0.589306 -0.44638 0.569184
-0.381506 -0.444543 0.875124
-0.962063 -0.312907 0.0456201

-0.127473 -0.0969622 0.0386496
-0.121344 0.889858 0.119226
0.736798 0.415351 0.0166057
0.58011 -0.325096 -0.615281
0.683126 -0.509745 0.379481
0.0290193 -1.03391 -0.197995
-0.393076 -0.375563 -0.854401
-0.845185 0.407514 -0.380988
-0.766483 0.343943 0.634992
0.224507 0.284607 0.859711

-0.533132 -0.789487 -0.198472
-0.526447 0.204998 -0.197589
0.445593 0.348344 -0.195743
0.642342 0.0420818 0.729751
0.843499 0.979726 0.459896
-0.103352 0.687537 0.561542
-0.286727 -0.284152 0.62273
0.417837 -0.613133 0.0150874
0.0452581 -0.289959 -0.844152
-0.944872 -0.285956 -0.95305

0.405544 -0.85823 0.214212
0.581783 0.111957 0.084893
-0.331855 0.448985 0.215631
-0.743124 0.100557 -0.620133
-0.717135 1.08122 -0.446691
0.12636 0.594231 -0.655469
0.114069 -0.395692 -0.617385
-0.519345 -0.513918 0.130063
0.0532132 -0.191192 0.871396
1.03049 -0.377922 0.823483

-0.53461 -0.804579 -0.117289
-0.551927 0.189659 -0.132735
0.408868 0.3544 -0.255812
-0.0484845 0.695357 0.559326
0.870707 1.00641 0.33446
0.727841 0.0697111 0.642105
-0.199144 -0.278839 0.658284
0.431125 -0.603392 -0.0282262
-0.0543037 -0.304449 -0.838499
-1.05007 -0.324279 -0.821614

0.397518 -0.793603 -0.13642
0.395636 0.19874 -0.139226
-0.596289 0.198555 -0.141411
-0.595937 0.526216 0.793482
-0.098463 1.02436 0.0889153
0.400074 0.525819 0.793953
-0.0988748 -0.298859 0.562039
-0.596784 -0.792271 -0.13823
-0.101579 -0.294506 -0.842249
0.8947 -0.294446 -0.840853

0.62999 -1.09117 0.33506
0.638789 -0.0968643 0.319278
-0.218431 0.378333 0.346958
-0.513355 0.889157 -0.431403
-0.506841 -0.104722 -0.495985
-1.09321 -0.0684522 0.294733
-0.235507 -0.60164 0.319278
0.348565 -0.603733 -0.486665
0.344112 0.386576 -0.495986
0.605884 0.91252 0.294732

-0.498116 -0.956276 0.323968
-0.49723 0.0344089 0.327264
0.49723 0.0344089 0.327264
0.499193 0.359072 -0.606885
1.66699e-16 0.858265 0.0990814
-1.30293e-16 1.18831 -0.840259
-0.499193 0.359072 -0.606885
2.37749e-19 -0.462821 -0.375926
0.498116 -0.956276 0.323968
-2.14276e-16 -0.458161 1.02841

-0.561837 -0.97313 -0.442102
-0.582168 0.0100734 -0.399318
0.285106 0.493819 -0.403201
0.582168 -0.0100734 0.399318
0.561837 0.97313 0.442102
-0.299808 0.499136 0.399318
0.0211296 0.0365974 1.20678
-0.285106 -0.493819 0.403201
0.299808 -0.499136 -0.399318
-0.0211296 -0.0365974 -1.20678

0.424228 -1.05202 -0.261026
0.417061 -0.0715688 -0.315887
-0.545863 0.247406 -0.312366
-0.522584 0.259016 0.678042
0.168131 0.748205 0.152204
0.208547 0.746841 1.14643
0.407497 -0.0980845 0.659977
-0.314397 -0.570953 0.17865
-0.267964 -0.56709 -0.818831
0.0253431 0.35825 -1.10719

-0.425322 -0.199233 0.0206
-0.416803 0.799576 0.030178
0.440678 0.305572 0.0242152
0.727034 -0.202426 -0.771887
-0.134406 0.299454 -0.784119
-0.135277 -0.695721 -0.784192
0.42453 -0.69049 0.0395719
0.743018 -0.188971 0.82911
-0.132034 0.275548 0.834842
-1.09142 0.296691 0.561681

-0.599387 -0.0601875 -0.375847
-0.630675 0.926084 -0.344131
0.256124 0.44362 -0.362214
0.542018 -0.0391787 0.456979
1.11735 -0.0831389 -0.344131
0.94003 -0.908009 0.223689
0.24757 -0.549178 -0.375847
-0.311716 -0.539908 0.440833
-0.304938 0.449812 0.456979
-1.25637 0.360085 0.223689

-0.488472 -0.51046 -0.0183533
-0.488472 0.51046 -0.0183533
0.488472 0.51046 0.0183533
-0.0320662 1.5294e-16 0.694529
0.979183 1.37476e-16 0.70577
1.27918 1.28134e-17 -0.266847
0.488472 -0.51046 0.0183533
0.0320662 -2.00466e-16 -0.694529
-0.979183 -1.13067e-16 -0.70577
-1.27918 1.07586e-16 0.266847

0.197203 -0.452663 0.158492
0.199486 0.548146 0.162033
-0.658406 0.0473738 0.164246
-0.369611 0.547241 -0.64713
-1.23264 0.050317 -0.647744
-0.371415 -0.449617 -0.650104
0.487343 0.047635 -0.648763
1.05504 0.0559106 0.167983
0.771701 -0.450121 0.969797
-0.0787055 0.0557782 0.97119

0.0854817 -0.994847 0.69825
0.0853782 -5.32341e-18 0.697404
0.0854817 0.994847 0.69825
-0.493139 0.496821 0.0603715
-0.0853782 -5.9157e-18 -0.697404
0.493139 0.496821 -0.0603715
0.901993 -5.55112e-18 -0.819139
0.493139 -0.496821 -0.0603715
-0.493139 -0.496821 0.0603715
-1.07296 -5.55112e-18 -0.57736

-0.295361 -0.498687 -0.0809832
-0.295361 0.498687 -0.0809832
0.641597 0.82825 -0.0791051
0.0839269 0.872531 0.75384
0.409888 -1.89553e-10 0.417704
0.0839269 -0.872531 0.75384
0.641597 -0.82825 -0.0791051
0.409529 5.35177e-11 -0.579161
-0.529725 3.76464e-10 -0.907355
-1.15002 4.41614e-10 -0.118691

0.627168 -0.991551 0.291554
0.625824 -7.50096e-05 0.295141
-0.320701 0.323572 0.30218
0.239409 0.382457 -0.52457
-0.450732 1.06953 -0.338339
-0.731395 0.143646 -0.584193
-0.0602489 -0.311042 -1.16668
-0.0867323 -0.503633 -0.194143
-0.0792785 -0.501917 0.799156
0.236686 0.389017 1.11989

-0.770787 -0.980711 0.00942769
-0.786188 0.0144996 0.000100879
0.153853 0.348089 0.00073176
0.774553 -0.437235 -0.00923864
1.13053 0.491712 -0.0373462
0.642774 0.120041 -0.829158
-0.0858621 -0.474095 -0.504108
-0.0722374 -0.477217 0.501055
-0.390277 0.405169 0.827551
-0.596361 0.989747 0.0409836

-0.740535 -1.08595 0.174119
-0.744409 -0.0942265 0.168561
0.194321 0.231799 0.172625
0.61083 0.0477877 -0.716025
1.11492 0.539094 -0.0121152
0.335408 0.97582 -0.46459
-0.355291 0.285444 -0.658507
-0.0339061 -0.597045 -0.327256
-0.028827 -0.594126 0.667888
-0.352511 0.291399 0.995299

0.393107 -0.350384 0.0870271
0.392751 0.653157 0.0816892
-0.551818 0.972724 0.0817485
-0.297484 0.155298 -0.419179
0.00867998 -0.731284 -0.744174
-0.958881 -0.478714 -0.794895
-0.544478 -0.674655 0.0871833
-0.312815 0.150081 0.581087
0.623768 0.154626 0.911652
1.24717 0.149152 0.127861

0.277923 -0.977889 0.0556391
0.281336 0.0203164 0.0643256
-0.658592 0.345627 0.0633992
0.0997231 0.989975 0.0165826
-0.718669 1.1335 -0.538377
-0.0913052 0.397194 -0.768072
-0.422302 -0.478392 -0.438569
-0.422408 -0.479458 0.56042
0.518573 -0.476535 0.886806
1.13572 -0.474338 0.097846

-0.655598 -1.09197 -0.306056
-0.652231 -0.100332 -0.30868
0.29099 0.223445 -0.311501
-0.266554 0.274296 0.518273
0.420551 0.967714 0.328359
0.297579 0.622019 1.25795
0.709502 0.0385285 0.566174
0.05383 -0.605238 0.193235
0.0598139 -0.606801 -0.801726
-0.257881 0.278335 -1.13603

-0.431545 -0.249167 -0.0192088
-0.424578 0.754225 -0.0248537
0.426515 0.257879 -0.0163564
0.35396 -0.631912 -0.474489
0.95632 0.0731445 -0.831673
1.1787 -0.387361 0.0304641
0.332819 -0.575986 0.522999
-0.146574 0.253399 0.793953
-1.10222 0.254888 0.510354
-1.1434 0.25089 -0.491189

0.407939 -0.8872 -0.141587
0.400807 0.114787 -0.152605
-0.533366 0.432355 -0.155198
0.0261436 0.476628 0.685207
-0.653595 1.17567 0.492123
-0.945924 0.249903 0.731239
-0.297222 -0.398551 0.349923
-0.301935 -0.39931 -0.644211
0.637511 -0.387787 -0.974937
1.25964 -0.376494 -0.189954

0.678294 -0.128931 -0.000773548
0.674142 0.865839 -0.00351392
-0.184733 0.373287 -0.00653774
-0.114149 -0.513245 0.4475
-0.735374 0.18226 0.793828
-1.01512 -0.77685 0.77202
-0.935078 -0.26789 -0.0784906
-0.0818648 -0.466715 -0.544843
0.377418 0.368637 -0.82095
1.33647 0.363609 -0.558238

0.599924 -0.748717 -0.01069
0.61587 0.258365 0.00642689
-0.316618 0.588049 -0.00642692
-0.937205 -0.20526 0.0106902
-1.29968 0.719978 0.0430133
-0.802583 0.353115 0.828919
-0.07748 -0.241934 0.502937
-0.0918028 -0.23687 -0.502937
0.846178 -0.229809 -0.828919
1.4634 -0.256916 -0.0430136

